dp_ci162 5 45.4941 348
dp_ci162 10 46.549 442
dp_ci162 2 39.0695 336
dp_ci162 3 41.2687 357
dp_ci162 7 49.8245 499
dp_ci162 8 55.1555 403
dp_ci162 9 45.583 366
dp_ci324 4 35.036 223
dp_ci162 1 44.7615 332
dp_ci324 2 44.6629 403
dp_ci162 4 36.5321 245
dp_ci162 6 42.9572 386
dp_ci324 3 45.3607 461
dp_ci324 1 52.8481 432
dp_ci648 5 46.4013 357
dp_ci324 10 50.6324 569
dp_ci648 2 44.3702 354
dp_ci324 6 41.9342 260
dp_ci648 4 38.5534 266
dp_ci324 5 42.8563 304
dp_ci648 3 49.4668 474
dp_ci324 7 51.9293 522
dp_ci648 7 55.7181 673
dp_ci324 9 44.638 373
dp_ci324 8 58.6439 583
dp_ci648 6 42.8825 320
dp_ci648 8 53.2391 385
dp_ci648 1 56.3297 412
dp_ci648 9 44.3746 349
dp_ci648 10 50.1293 461
hyb_ci72 4 37.5099 267
hyb_ci72 9 45.5351 346
hyb_ci72 6 40.6615 275
hyb_ci72 8 48.5294 426
hyb_ci72 2 34.5955 239
hyb_ci72 7 42.0271 307
hyb_ci72 5 38.7076 330
hyb_ci72 1 36.8617 265
hyb_ci144 2 35.9086 282
hyb_ci72 10 38.1363 301
hyb_ci72 3 48.6968 467
hyb_ci144 1 37.2825 273
hyb_ci144 3 45.2153 388
hyb_ci144 4 36.705 262
hyb_ci216 1 39.7685 269
hyb_ci216 3 42.4647 326
hyb_ci144 5 42.2026 316
hyb_ci144 7 40.4262 293
hyb_ci144 6 51.6506 399
hyb_ci144 10 42.8713 332
hyb_ci144 8 43.2118 308
hyb_ci144 9 47.8979 330
hyb_ci216 2 41.3851 339
hyb_ci216 4 39.1206 312
hyb_ci216 5 39.9839 329
hyb_ci216 6 49.388 417
hyb_ci216 9 46.6669 321
hyb_ci216 8 43.3917 331
hyb_ci216 10 45.5997 362
hyb_ci324 2 37.4417 288
hyb_ci324 4 38.1568 335
hyb_ci324 1 43.3813 381
hyb_ci324 5 41.2626 334
hyb_ci216 7 42.6096 318
hyb_ci324 8 45.6278 327
hyb_ci324 6 35.5956 260
hyb_ci324 7 42.561 307
hyb_ci324 3 56.1362 573
hyb_ci324 9 48.7682 369
hyb_ci324 10 48.8309 380
hyb_ci468 2 36.7072 276
hyb_ci468 3 46.8094 390
hyb_ci468 1 41.1626 314
hyb_ci468 9 48.8734 410
hyb_ci468 7 44.281 345
hyb_ci468 4 37.2049 260
hyb_ci468 6 49.1647 419
hyb_ci468 5 48.136 428
hyb_ci468 8 43.6591 333
hyb_ci648 2 37.3541 276
hyb_ci468 10 42.4665 323
hyb_ci648 1 40.9669 327
hyb_ci648 3 49.9872 528
hyb_ci648 4 44.4347 340
hyb_ci648 5 57.7703 660
hyb_ci648 6 48.3758 370
hyb_ci648 9 53.0596 435
hyb_ci648 8 46.6722 370
hyb_ci648 10 44.4381 385
hyb_ci648 7 46.1206 365
