% vgg16_block3  crossbar 128x128  mesh 6x6x3 (108 nodes)
% generated by stage2_core.py -- see STAGE2.md
% run with:  -size 16 16 -dimx 6 -dimy 6 -dimz 3 -traffic table traffics_dnn_packing/vgg16_block3_xb128_6x6x3_c32r32s1.txt
% sweep with: WARMUP_DP_CYCLES=3 SIM_DP_CYCLES=80  (DP_CYCLE=648, SIM=51840, 0.4 block passes measured)
% LOAD_SCALE=0.05  CYCLES_PER_MAC=2.5e-05  t_period=115606
% phases:  conv5=[0,23121)  conv6=[23121,69363)  conv7=[69363,115605)
% src dst pir por t_on t_off t_period
    0     1 0.0135640138 0.0135640138        0    23121   115606
    0     2 0.0135640138 0.0135640138        0    23121   115606
    0     3 0.0135640138 0.0135640138        0    23121   115606
    0     4 0.0135640138 0.0135640138        0    23121   115606
    0     5 0.0135640138 0.0135640138        0    23121   115606
    0     6 0.0135640138 0.0135640138        0    23121   115606
    0     7 0.0135640138 0.0135640138        0    23121   115606
    0     8 0.0135640138 0.0135640138        0    23121   115606
    0     9 0.0135640138 0.0135640138        0    23121   115606
    0    10 0.0135640138 0.0135640138        0    23121   115606
    0    11 0.0135640138 0.0135640138        0    23121   115606
    0    12 0.0135640138 0.0135640138        0    23121   115606
    0    13 0.0135640138 0.0135640138        0    23121   115606
    0    14 0.0135640138 0.0135640138        0    23121   115606
    0    15 0.0135640138 0.0135640138        0    23121   115606
    0    16 0.0016955017 0.0016955017        0    23121   115606
    0    17 0.0016955017 0.0016955017        0    23121   115606
    0    18 0.0016955017 0.0016955017        0    23121   115606
    0    19 0.0016955017 0.0016955017        0    23121   115606
    0    20 0.0016955017 0.0016955017        0    23121   115606
    0    21 0.0016955017 0.0016955017        0    23121   115606
    0    22 0.0016955017 0.0016955017        0    23121   115606
    0    23 0.0016955017 0.0016955017        0    23121   115606
    0    24 0.0016955017 0.0016955017        0    23121   115606
    0    25 0.0016955017 0.0016955017        0    23121   115606
    0    26 0.0016955017 0.0016955017        0    23121   115606
    0    27 0.0016955017 0.0016955017        0    23121   115606
    0    28 0.0016955017 0.0016955017        0    23121   115606
    0    29 0.0016955017 0.0016955017        0    23121   115606
    0    30 0.0016955017 0.0016955017        0    23121   115606
    0    31 0.0016955017 0.0016955017        0    23121   115606
    1    16 0.0016955017 0.0016955017        0    23121   115606
    1    17 0.0016955017 0.0016955017        0    23121   115606
    1    18 0.0016955017 0.0016955017        0    23121   115606
    1    19 0.0016955017 0.0016955017        0    23121   115606
    1    20 0.0016955017 0.0016955017        0    23121   115606
    1    21 0.0016955017 0.0016955017        0    23121   115606
    1    22 0.0016955017 0.0016955017        0    23121   115606
    1    23 0.0016955017 0.0016955017        0    23121   115606
    1    24 0.0016955017 0.0016955017        0    23121   115606
    1    25 0.0016955017 0.0016955017        0    23121   115606
    1    26 0.0016955017 0.0016955017        0    23121   115606
    1    27 0.0016955017 0.0016955017        0    23121   115606
    1    28 0.0016955017 0.0016955017        0    23121   115606
    1    29 0.0016955017 0.0016955017        0    23121   115606
    1    30 0.0016955017 0.0016955017        0    23121   115606
    1    31 0.0016955017 0.0016955017        0    23121   115606
    2    16 0.0016955017 0.0016955017        0    23121   115606
    2    17 0.0016955017 0.0016955017        0    23121   115606
    2    18 0.0016955017 0.0016955017        0    23121   115606
    2    19 0.0016955017 0.0016955017        0    23121   115606
    2    20 0.0016955017 0.0016955017        0    23121   115606
    2    21 0.0016955017 0.0016955017        0    23121   115606
    2    22 0.0016955017 0.0016955017        0    23121   115606
    2    23 0.0016955017 0.0016955017        0    23121   115606
    2    24 0.0016955017 0.0016955017        0    23121   115606
    2    25 0.0016955017 0.0016955017        0    23121   115606
    2    26 0.0016955017 0.0016955017        0    23121   115606
    2    27 0.0016955017 0.0016955017        0    23121   115606
    2    28 0.0016955017 0.0016955017        0    23121   115606
    2    29 0.0016955017 0.0016955017        0    23121   115606
    2    30 0.0016955017 0.0016955017        0    23121   115606
    2    31 0.0016955017 0.0016955017        0    23121   115606
    3    16 0.0016955017 0.0016955017        0    23121   115606
    3    17 0.0016955017 0.0016955017        0    23121   115606
    3    18 0.0016955017 0.0016955017        0    23121   115606
    3    19 0.0016955017 0.0016955017        0    23121   115606
    3    20 0.0016955017 0.0016955017        0    23121   115606
    3    21 0.0016955017 0.0016955017        0    23121   115606
    3    22 0.0016955017 0.0016955017        0    23121   115606
    3    23 0.0016955017 0.0016955017        0    23121   115606
    3    24 0.0016955017 0.0016955017        0    23121   115606
    3    25 0.0016955017 0.0016955017        0    23121   115606
    3    26 0.0016955017 0.0016955017        0    23121   115606
    3    27 0.0016955017 0.0016955017        0    23121   115606
    3    28 0.0016955017 0.0016955017        0    23121   115606
    3    29 0.0016955017 0.0016955017        0    23121   115606
    3    30 0.0016955017 0.0016955017        0    23121   115606
    3    31 0.0016955017 0.0016955017        0    23121   115606
    4    16 0.0016955017 0.0016955017        0    23121   115606
    4    17 0.0016955017 0.0016955017        0    23121   115606
    4    18 0.0016955017 0.0016955017        0    23121   115606
    4    19 0.0016955017 0.0016955017        0    23121   115606
    4    20 0.0016955017 0.0016955017        0    23121   115606
    4    21 0.0016955017 0.0016955017        0    23121   115606
    4    22 0.0016955017 0.0016955017        0    23121   115606
    4    23 0.0016955017 0.0016955017        0    23121   115606
    4    24 0.0016955017 0.0016955017        0    23121   115606
    4    25 0.0016955017 0.0016955017        0    23121   115606
    4    26 0.0016955017 0.0016955017        0    23121   115606
    4    27 0.0016955017 0.0016955017        0    23121   115606
    4    28 0.0016955017 0.0016955017        0    23121   115606
    4    29 0.0016955017 0.0016955017        0    23121   115606
    4    30 0.0016955017 0.0016955017        0    23121   115606
    4    31 0.0016955017 0.0016955017        0    23121   115606
    5    16 0.0016955017 0.0016955017        0    23121   115606
    5    17 0.0016955017 0.0016955017        0    23121   115606
    5    18 0.0016955017 0.0016955017        0    23121   115606
    5    19 0.0016955017 0.0016955017        0    23121   115606
    5    20 0.0016955017 0.0016955017        0    23121   115606
    5    21 0.0016955017 0.0016955017        0    23121   115606
    5    22 0.0016955017 0.0016955017        0    23121   115606
    5    23 0.0016955017 0.0016955017        0    23121   115606
    5    24 0.0016955017 0.0016955017        0    23121   115606
    5    25 0.0016955017 0.0016955017        0    23121   115606
    5    26 0.0016955017 0.0016955017        0    23121   115606
    5    27 0.0016955017 0.0016955017        0    23121   115606
    5    28 0.0016955017 0.0016955017        0    23121   115606
    5    29 0.0016955017 0.0016955017        0    23121   115606
    5    30 0.0016955017 0.0016955017        0    23121   115606
    5    31 0.0016955017 0.0016955017        0    23121   115606
    6    16 0.0016955017 0.0016955017        0    23121   115606
    6    17 0.0016955017 0.0016955017        0    23121   115606
    6    18 0.0016955017 0.0016955017        0    23121   115606
    6    19 0.0016955017 0.0016955017        0    23121   115606
    6    20 0.0016955017 0.0016955017        0    23121   115606
    6    21 0.0016955017 0.0016955017        0    23121   115606
    6    22 0.0016955017 0.0016955017        0    23121   115606
    6    23 0.0016955017 0.0016955017        0    23121   115606
    6    24 0.0016955017 0.0016955017        0    23121   115606
    6    25 0.0016955017 0.0016955017        0    23121   115606
    6    26 0.0016955017 0.0016955017        0    23121   115606
    6    27 0.0016955017 0.0016955017        0    23121   115606
    6    28 0.0016955017 0.0016955017        0    23121   115606
    6    29 0.0016955017 0.0016955017        0    23121   115606
    6    30 0.0016955017 0.0016955017        0    23121   115606
    6    31 0.0016955017 0.0016955017        0    23121   115606
    7    16 0.0016955017 0.0016955017        0    23121   115606
    7    17 0.0016955017 0.0016955017        0    23121   115606
    7    18 0.0016955017 0.0016955017        0    23121   115606
    7    19 0.0016955017 0.0016955017        0    23121   115606
    7    20 0.0016955017 0.0016955017        0    23121   115606
    7    21 0.0016955017 0.0016955017        0    23121   115606
    7    22 0.0016955017 0.0016955017        0    23121   115606
    7    23 0.0016955017 0.0016955017        0    23121   115606
    7    24 0.0016955017 0.0016955017        0    23121   115606
    7    25 0.0016955017 0.0016955017        0    23121   115606
    7    26 0.0016955017 0.0016955017        0    23121   115606
    7    27 0.0016955017 0.0016955017        0    23121   115606
    7    28 0.0016955017 0.0016955017        0    23121   115606
    7    29 0.0016955017 0.0016955017        0    23121   115606
    7    30 0.0016955017 0.0016955017        0    23121   115606
    7    31 0.0016955017 0.0016955017        0    23121   115606
    8    16 0.0016955017 0.0016955017        0    23121   115606
    8    17 0.0016955017 0.0016955017        0    23121   115606
    8    18 0.0016955017 0.0016955017        0    23121   115606
    8    19 0.0016955017 0.0016955017        0    23121   115606
    8    20 0.0016955017 0.0016955017        0    23121   115606
    8    21 0.0016955017 0.0016955017        0    23121   115606
    8    22 0.0016955017 0.0016955017        0    23121   115606
    8    23 0.0016955017 0.0016955017        0    23121   115606
    8    24 0.0016955017 0.0016955017        0    23121   115606
    8    25 0.0016955017 0.0016955017        0    23121   115606
    8    26 0.0016955017 0.0016955017        0    23121   115606
    8    27 0.0016955017 0.0016955017        0    23121   115606
    8    28 0.0016955017 0.0016955017        0    23121   115606
    8    29 0.0016955017 0.0016955017        0    23121   115606
    8    30 0.0016955017 0.0016955017        0    23121   115606
    8    31 0.0016955017 0.0016955017        0    23121   115606
    9    16 0.0016955017 0.0016955017        0    23121   115606
    9    17 0.0016955017 0.0016955017        0    23121   115606
    9    18 0.0016955017 0.0016955017        0    23121   115606
    9    19 0.0016955017 0.0016955017        0    23121   115606
    9    20 0.0016955017 0.0016955017        0    23121   115606
    9    21 0.0016955017 0.0016955017        0    23121   115606
    9    22 0.0016955017 0.0016955017        0    23121   115606
    9    23 0.0016955017 0.0016955017        0    23121   115606
    9    24 0.0016955017 0.0016955017        0    23121   115606
    9    25 0.0016955017 0.0016955017        0    23121   115606
    9    26 0.0016955017 0.0016955017        0    23121   115606
    9    27 0.0016955017 0.0016955017        0    23121   115606
    9    28 0.0016955017 0.0016955017        0    23121   115606
    9    29 0.0016955017 0.0016955017        0    23121   115606
    9    30 0.0016955017 0.0016955017        0    23121   115606
    9    31 0.0016955017 0.0016955017        0    23121   115606
   10    16 0.0016955017 0.0016955017        0    23121   115606
   10    17 0.0016955017 0.0016955017        0    23121   115606
   10    18 0.0016955017 0.0016955017        0    23121   115606
   10    19 0.0016955017 0.0016955017        0    23121   115606
   10    20 0.0016955017 0.0016955017        0    23121   115606
   10    21 0.0016955017 0.0016955017        0    23121   115606
   10    22 0.0016955017 0.0016955017        0    23121   115606
   10    23 0.0016955017 0.0016955017        0    23121   115606
   10    24 0.0016955017 0.0016955017        0    23121   115606
   10    25 0.0016955017 0.0016955017        0    23121   115606
   10    26 0.0016955017 0.0016955017        0    23121   115606
   10    27 0.0016955017 0.0016955017        0    23121   115606
   10    28 0.0016955017 0.0016955017        0    23121   115606
   10    29 0.0016955017 0.0016955017        0    23121   115606
   10    30 0.0016955017 0.0016955017        0    23121   115606
   10    31 0.0016955017 0.0016955017        0    23121   115606
   11    16 0.0016955017 0.0016955017        0    23121   115606
   11    17 0.0016955017 0.0016955017        0    23121   115606
   11    18 0.0016955017 0.0016955017        0    23121   115606
   11    19 0.0016955017 0.0016955017        0    23121   115606
   11    20 0.0016955017 0.0016955017        0    23121   115606
   11    21 0.0016955017 0.0016955017        0    23121   115606
   11    22 0.0016955017 0.0016955017        0    23121   115606
   11    23 0.0016955017 0.0016955017        0    23121   115606
   11    24 0.0016955017 0.0016955017        0    23121   115606
   11    25 0.0016955017 0.0016955017        0    23121   115606
   11    26 0.0016955017 0.0016955017        0    23121   115606
   11    27 0.0016955017 0.0016955017        0    23121   115606
   11    28 0.0016955017 0.0016955017        0    23121   115606
   11    29 0.0016955017 0.0016955017        0    23121   115606
   11    30 0.0016955017 0.0016955017        0    23121   115606
   11    31 0.0016955017 0.0016955017        0    23121   115606
   12    16 0.0016955017 0.0016955017        0    23121   115606
   12    17 0.0016955017 0.0016955017        0    23121   115606
   12    18 0.0016955017 0.0016955017        0    23121   115606
   12    19 0.0016955017 0.0016955017        0    23121   115606
   12    20 0.0016955017 0.0016955017        0    23121   115606
   12    21 0.0016955017 0.0016955017        0    23121   115606
   12    22 0.0016955017 0.0016955017        0    23121   115606
   12    23 0.0016955017 0.0016955017        0    23121   115606
   12    24 0.0016955017 0.0016955017        0    23121   115606
   12    25 0.0016955017 0.0016955017        0    23121   115606
   12    26 0.0016955017 0.0016955017        0    23121   115606
   12    27 0.0016955017 0.0016955017        0    23121   115606
   12    28 0.0016955017 0.0016955017        0    23121   115606
   12    29 0.0016955017 0.0016955017        0    23121   115606
   12    30 0.0016955017 0.0016955017        0    23121   115606
   12    31 0.0016955017 0.0016955017        0    23121   115606
   13    16 0.0016955017 0.0016955017        0    23121   115606
   13    17 0.0016955017 0.0016955017        0    23121   115606
   13    18 0.0016955017 0.0016955017        0    23121   115606
   13    19 0.0016955017 0.0016955017        0    23121   115606
   13    20 0.0016955017 0.0016955017        0    23121   115606
   13    21 0.0016955017 0.0016955017        0    23121   115606
   13    22 0.0016955017 0.0016955017        0    23121   115606
   13    23 0.0016955017 0.0016955017        0    23121   115606
   13    24 0.0016955017 0.0016955017        0    23121   115606
   13    25 0.0016955017 0.0016955017        0    23121   115606
   13    26 0.0016955017 0.0016955017        0    23121   115606
   13    27 0.0016955017 0.0016955017        0    23121   115606
   13    28 0.0016955017 0.0016955017        0    23121   115606
   13    29 0.0016955017 0.0016955017        0    23121   115606
   13    30 0.0016955017 0.0016955017        0    23121   115606
   13    31 0.0016955017 0.0016955017        0    23121   115606
   14    16 0.0016955017 0.0016955017        0    23121   115606
   14    17 0.0016955017 0.0016955017        0    23121   115606
   14    18 0.0016955017 0.0016955017        0    23121   115606
   14    19 0.0016955017 0.0016955017        0    23121   115606
   14    20 0.0016955017 0.0016955017        0    23121   115606
   14    21 0.0016955017 0.0016955017        0    23121   115606
   14    22 0.0016955017 0.0016955017        0    23121   115606
   14    23 0.0016955017 0.0016955017        0    23121   115606
   14    24 0.0016955017 0.0016955017        0    23121   115606
   14    25 0.0016955017 0.0016955017        0    23121   115606
   14    26 0.0016955017 0.0016955017        0    23121   115606
   14    27 0.0016955017 0.0016955017        0    23121   115606
   14    28 0.0016955017 0.0016955017        0    23121   115606
   14    29 0.0016955017 0.0016955017        0    23121   115606
   14    30 0.0016955017 0.0016955017        0    23121   115606
   14    31 0.0016955017 0.0016955017        0    23121   115606
   15    16 0.0016955017 0.0016955017        0    23121   115606
   15    17 0.0016955017 0.0016955017        0    23121   115606
   15    18 0.0016955017 0.0016955017        0    23121   115606
   15    19 0.0016955017 0.0016955017        0    23121   115606
   15    20 0.0016955017 0.0016955017        0    23121   115606
   15    21 0.0016955017 0.0016955017        0    23121   115606
   15    22 0.0016955017 0.0016955017        0    23121   115606
   15    23 0.0016955017 0.0016955017        0    23121   115606
   15    24 0.0016955017 0.0016955017        0    23121   115606
   15    25 0.0016955017 0.0016955017        0    23121   115606
   15    26 0.0016955017 0.0016955017        0    23121   115606
   15    27 0.0016955017 0.0016955017        0    23121   115606
   15    28 0.0016955017 0.0016955017        0    23121   115606
   15    29 0.0016955017 0.0016955017        0    23121   115606
   15    30 0.0016955017 0.0016955017        0    23121   115606
   15    31 0.0016955017 0.0016955017        0    23121   115606
   16    32 0.0008477325 0.0008477325    23121    69363   115606
   16    33 0.0008477325 0.0008477325    23121    69363   115606
   16    34 0.0008477325 0.0008477325    23121    69363   115606
   16    35 0.0008477325 0.0008477325    23121    69363   115606
   16    36 0.0008477325 0.0008477325    23121    69363   115606
   16    37 0.0008477325 0.0008477325    23121    69363   115606
   16    38 0.0008477325 0.0008477325    23121    69363   115606
   16    39 0.0008477325 0.0008477325    23121    69363   115606
   16    40 0.0008477325 0.0008477325    23121    69363   115606
   16    41 0.0008477325 0.0008477325    23121    69363   115606
   16    42 0.0008477325 0.0008477325    23121    69363   115606
   16    43 0.0008477325 0.0008477325    23121    69363   115606
   16    44 0.0008477325 0.0008477325    23121    69363   115606
   16    45 0.0008477325 0.0008477325    23121    69363   115606
   16    46 0.0008477325 0.0008477325    23121    69363   115606
   16    47 0.0008477325 0.0008477325    23121    69363   115606
   17    32 0.0008477325 0.0008477325    23121    69363   115606
   17    33 0.0008477325 0.0008477325    23121    69363   115606
   17    34 0.0008477325 0.0008477325    23121    69363   115606
   17    35 0.0008477325 0.0008477325    23121    69363   115606
   17    36 0.0008477325 0.0008477325    23121    69363   115606
   17    37 0.0008477325 0.0008477325    23121    69363   115606
   17    38 0.0008477325 0.0008477325    23121    69363   115606
   17    39 0.0008477325 0.0008477325    23121    69363   115606
   17    40 0.0008477325 0.0008477325    23121    69363   115606
   17    41 0.0008477325 0.0008477325    23121    69363   115606
   17    42 0.0008477325 0.0008477325    23121    69363   115606
   17    43 0.0008477325 0.0008477325    23121    69363   115606
   17    44 0.0008477325 0.0008477325    23121    69363   115606
   17    45 0.0008477325 0.0008477325    23121    69363   115606
   17    46 0.0008477325 0.0008477325    23121    69363   115606
   17    47 0.0008477325 0.0008477325    23121    69363   115606
   18    32 0.0008477325 0.0008477325    23121    69363   115606
   18    33 0.0008477325 0.0008477325    23121    69363   115606
   18    34 0.0008477325 0.0008477325    23121    69363   115606
   18    35 0.0008477325 0.0008477325    23121    69363   115606
   18    36 0.0008477325 0.0008477325    23121    69363   115606
   18    37 0.0008477325 0.0008477325    23121    69363   115606
   18    38 0.0008477325 0.0008477325    23121    69363   115606
   18    39 0.0008477325 0.0008477325    23121    69363   115606
   18    40 0.0008477325 0.0008477325    23121    69363   115606
   18    41 0.0008477325 0.0008477325    23121    69363   115606
   18    42 0.0008477325 0.0008477325    23121    69363   115606
   18    43 0.0008477325 0.0008477325    23121    69363   115606
   18    44 0.0008477325 0.0008477325    23121    69363   115606
   18    45 0.0008477325 0.0008477325    23121    69363   115606
   18    46 0.0008477325 0.0008477325    23121    69363   115606
   18    47 0.0008477325 0.0008477325    23121    69363   115606
   19    32 0.0008477325 0.0008477325    23121    69363   115606
   19    33 0.0008477325 0.0008477325    23121    69363   115606
   19    34 0.0008477325 0.0008477325    23121    69363   115606
   19    35 0.0008477325 0.0008477325    23121    69363   115606
   19    36 0.0008477325 0.0008477325    23121    69363   115606
   19    37 0.0008477325 0.0008477325    23121    69363   115606
   19    38 0.0008477325 0.0008477325    23121    69363   115606
   19    39 0.0008477325 0.0008477325    23121    69363   115606
   19    40 0.0008477325 0.0008477325    23121    69363   115606
   19    41 0.0008477325 0.0008477325    23121    69363   115606
   19    42 0.0008477325 0.0008477325    23121    69363   115606
   19    43 0.0008477325 0.0008477325    23121    69363   115606
   19    44 0.0008477325 0.0008477325    23121    69363   115606
   19    45 0.0008477325 0.0008477325    23121    69363   115606
   19    46 0.0008477325 0.0008477325    23121    69363   115606
   19    47 0.0008477325 0.0008477325    23121    69363   115606
   20    32 0.0008477325 0.0008477325    23121    69363   115606
   20    33 0.0008477325 0.0008477325    23121    69363   115606
   20    34 0.0008477325 0.0008477325    23121    69363   115606
   20    35 0.0008477325 0.0008477325    23121    69363   115606
   20    36 0.0008477325 0.0008477325    23121    69363   115606
   20    37 0.0008477325 0.0008477325    23121    69363   115606
   20    38 0.0008477325 0.0008477325    23121    69363   115606
   20    39 0.0008477325 0.0008477325    23121    69363   115606
   20    40 0.0008477325 0.0008477325    23121    69363   115606
   20    41 0.0008477325 0.0008477325    23121    69363   115606
   20    42 0.0008477325 0.0008477325    23121    69363   115606
   20    43 0.0008477325 0.0008477325    23121    69363   115606
   20    44 0.0008477325 0.0008477325    23121    69363   115606
   20    45 0.0008477325 0.0008477325    23121    69363   115606
   20    46 0.0008477325 0.0008477325    23121    69363   115606
   20    47 0.0008477325 0.0008477325    23121    69363   115606
   21    32 0.0008477325 0.0008477325    23121    69363   115606
   21    33 0.0008477325 0.0008477325    23121    69363   115606
   21    34 0.0008477325 0.0008477325    23121    69363   115606
   21    35 0.0008477325 0.0008477325    23121    69363   115606
   21    36 0.0008477325 0.0008477325    23121    69363   115606
   21    37 0.0008477325 0.0008477325    23121    69363   115606
   21    38 0.0008477325 0.0008477325    23121    69363   115606
   21    39 0.0008477325 0.0008477325    23121    69363   115606
   21    40 0.0008477325 0.0008477325    23121    69363   115606
   21    41 0.0008477325 0.0008477325    23121    69363   115606
   21    42 0.0008477325 0.0008477325    23121    69363   115606
   21    43 0.0008477325 0.0008477325    23121    69363   115606
   21    44 0.0008477325 0.0008477325    23121    69363   115606
   21    45 0.0008477325 0.0008477325    23121    69363   115606
   21    46 0.0008477325 0.0008477325    23121    69363   115606
   21    47 0.0008477325 0.0008477325    23121    69363   115606
   22    32 0.0008477325 0.0008477325    23121    69363   115606
   22    33 0.0008477325 0.0008477325    23121    69363   115606
   22    34 0.0008477325 0.0008477325    23121    69363   115606
   22    35 0.0008477325 0.0008477325    23121    69363   115606
   22    36 0.0008477325 0.0008477325    23121    69363   115606
   22    37 0.0008477325 0.0008477325    23121    69363   115606
   22    38 0.0008477325 0.0008477325    23121    69363   115606
   22    39 0.0008477325 0.0008477325    23121    69363   115606
   22    40 0.0008477325 0.0008477325    23121    69363   115606
   22    41 0.0008477325 0.0008477325    23121    69363   115606
   22    42 0.0008477325 0.0008477325    23121    69363   115606
   22    43 0.0008477325 0.0008477325    23121    69363   115606
   22    44 0.0008477325 0.0008477325    23121    69363   115606
   22    45 0.0008477325 0.0008477325    23121    69363   115606
   22    46 0.0008477325 0.0008477325    23121    69363   115606
   22    47 0.0008477325 0.0008477325    23121    69363   115606
   23    32 0.0008477325 0.0008477325    23121    69363   115606
   23    33 0.0008477325 0.0008477325    23121    69363   115606
   23    34 0.0008477325 0.0008477325    23121    69363   115606
   23    35 0.0008477325 0.0008477325    23121    69363   115606
   23    36 0.0008477325 0.0008477325    23121    69363   115606
   23    37 0.0008477325 0.0008477325    23121    69363   115606
   23    38 0.0008477325 0.0008477325    23121    69363   115606
   23    39 0.0008477325 0.0008477325    23121    69363   115606
   23    40 0.0008477325 0.0008477325    23121    69363   115606
   23    41 0.0008477325 0.0008477325    23121    69363   115606
   23    42 0.0008477325 0.0008477325    23121    69363   115606
   23    43 0.0008477325 0.0008477325    23121    69363   115606
   23    44 0.0008477325 0.0008477325    23121    69363   115606
   23    45 0.0008477325 0.0008477325    23121    69363   115606
   23    46 0.0008477325 0.0008477325    23121    69363   115606
   23    47 0.0008477325 0.0008477325    23121    69363   115606
   24    32 0.0008477325 0.0008477325    23121    69363   115606
   24    33 0.0008477325 0.0008477325    23121    69363   115606
   24    34 0.0008477325 0.0008477325    23121    69363   115606
   24    35 0.0008477325 0.0008477325    23121    69363   115606
   24    36 0.0008477325 0.0008477325    23121    69363   115606
   24    37 0.0008477325 0.0008477325    23121    69363   115606
   24    38 0.0008477325 0.0008477325    23121    69363   115606
   24    39 0.0008477325 0.0008477325    23121    69363   115606
   24    40 0.0008477325 0.0008477325    23121    69363   115606
   24    41 0.0008477325 0.0008477325    23121    69363   115606
   24    42 0.0008477325 0.0008477325    23121    69363   115606
   24    43 0.0008477325 0.0008477325    23121    69363   115606
   24    44 0.0008477325 0.0008477325    23121    69363   115606
   24    45 0.0008477325 0.0008477325    23121    69363   115606
   24    46 0.0008477325 0.0008477325    23121    69363   115606
   24    47 0.0008477325 0.0008477325    23121    69363   115606
   25    32 0.0008477325 0.0008477325    23121    69363   115606
   25    33 0.0008477325 0.0008477325    23121    69363   115606
   25    34 0.0008477325 0.0008477325    23121    69363   115606
   25    35 0.0008477325 0.0008477325    23121    69363   115606
   25    36 0.0008477325 0.0008477325    23121    69363   115606
   25    37 0.0008477325 0.0008477325    23121    69363   115606
   25    38 0.0008477325 0.0008477325    23121    69363   115606
   25    39 0.0008477325 0.0008477325    23121    69363   115606
   25    40 0.0008477325 0.0008477325    23121    69363   115606
   25    41 0.0008477325 0.0008477325    23121    69363   115606
   25    42 0.0008477325 0.0008477325    23121    69363   115606
   25    43 0.0008477325 0.0008477325    23121    69363   115606
   25    44 0.0008477325 0.0008477325    23121    69363   115606
   25    45 0.0008477325 0.0008477325    23121    69363   115606
   25    46 0.0008477325 0.0008477325    23121    69363   115606
   25    47 0.0008477325 0.0008477325    23121    69363   115606
   26    32 0.0008477325 0.0008477325    23121    69363   115606
   26    33 0.0008477325 0.0008477325    23121    69363   115606
   26    34 0.0008477325 0.0008477325    23121    69363   115606
   26    35 0.0008477325 0.0008477325    23121    69363   115606
   26    36 0.0008477325 0.0008477325    23121    69363   115606
   26    37 0.0008477325 0.0008477325    23121    69363   115606
   26    38 0.0008477325 0.0008477325    23121    69363   115606
   26    39 0.0008477325 0.0008477325    23121    69363   115606
   26    40 0.0008477325 0.0008477325    23121    69363   115606
   26    41 0.0008477325 0.0008477325    23121    69363   115606
   26    42 0.0008477325 0.0008477325    23121    69363   115606
   26    43 0.0008477325 0.0008477325    23121    69363   115606
   26    44 0.0008477325 0.0008477325    23121    69363   115606
   26    45 0.0008477325 0.0008477325    23121    69363   115606
   26    46 0.0008477325 0.0008477325    23121    69363   115606
   26    47 0.0008477325 0.0008477325    23121    69363   115606
   27    32 0.0008477325 0.0008477325    23121    69363   115606
   27    33 0.0008477325 0.0008477325    23121    69363   115606
   27    34 0.0008477325 0.0008477325    23121    69363   115606
   27    35 0.0008477325 0.0008477325    23121    69363   115606
   27    36 0.0008477325 0.0008477325    23121    69363   115606
   27    37 0.0008477325 0.0008477325    23121    69363   115606
   27    38 0.0008477325 0.0008477325    23121    69363   115606
   27    39 0.0008477325 0.0008477325    23121    69363   115606
   27    40 0.0008477325 0.0008477325    23121    69363   115606
   27    41 0.0008477325 0.0008477325    23121    69363   115606
   27    42 0.0008477325 0.0008477325    23121    69363   115606
   27    43 0.0008477325 0.0008477325    23121    69363   115606
   27    44 0.0008477325 0.0008477325    23121    69363   115606
   27    45 0.0008477325 0.0008477325    23121    69363   115606
   27    46 0.0008477325 0.0008477325    23121    69363   115606
   27    47 0.0008477325 0.0008477325    23121    69363   115606
   28    32 0.0008477325 0.0008477325    23121    69363   115606
   28    33 0.0008477325 0.0008477325    23121    69363   115606
   28    34 0.0008477325 0.0008477325    23121    69363   115606
   28    35 0.0008477325 0.0008477325    23121    69363   115606
   28    36 0.0008477325 0.0008477325    23121    69363   115606
   28    37 0.0008477325 0.0008477325    23121    69363   115606
   28    38 0.0008477325 0.0008477325    23121    69363   115606
   28    39 0.0008477325 0.0008477325    23121    69363   115606
   28    40 0.0008477325 0.0008477325    23121    69363   115606
   28    41 0.0008477325 0.0008477325    23121    69363   115606
   28    42 0.0008477325 0.0008477325    23121    69363   115606
   28    43 0.0008477325 0.0008477325    23121    69363   115606
   28    44 0.0008477325 0.0008477325    23121    69363   115606
   28    45 0.0008477325 0.0008477325    23121    69363   115606
   28    46 0.0008477325 0.0008477325    23121    69363   115606
   28    47 0.0008477325 0.0008477325    23121    69363   115606
   29    32 0.0008477325 0.0008477325    23121    69363   115606
   29    33 0.0008477325 0.0008477325    23121    69363   115606
   29    34 0.0008477325 0.0008477325    23121    69363   115606
   29    35 0.0008477325 0.0008477325    23121    69363   115606
   29    36 0.0008477325 0.0008477325    23121    69363   115606
   29    37 0.0008477325 0.0008477325    23121    69363   115606
   29    38 0.0008477325 0.0008477325    23121    69363   115606
   29    39 0.0008477325 0.0008477325    23121    69363   115606
   29    40 0.0008477325 0.0008477325    23121    69363   115606
   29    41 0.0008477325 0.0008477325    23121    69363   115606
   29    42 0.0008477325 0.0008477325    23121    69363   115606
   29    43 0.0008477325 0.0008477325    23121    69363   115606
   29    44 0.0008477325 0.0008477325    23121    69363   115606
   29    45 0.0008477325 0.0008477325    23121    69363   115606
   29    46 0.0008477325 0.0008477325    23121    69363   115606
   29    47 0.0008477325 0.0008477325    23121    69363   115606
   30    32 0.0008477325 0.0008477325    23121    69363   115606
   30    33 0.0008477325 0.0008477325    23121    69363   115606
   30    34 0.0008477325 0.0008477325    23121    69363   115606
   30    35 0.0008477325 0.0008477325    23121    69363   115606
   30    36 0.0008477325 0.0008477325    23121    69363   115606
   30    37 0.0008477325 0.0008477325    23121    69363   115606
   30    38 0.0008477325 0.0008477325    23121    69363   115606
   30    39 0.0008477325 0.0008477325    23121    69363   115606
   30    40 0.0008477325 0.0008477325    23121    69363   115606
   30    41 0.0008477325 0.0008477325    23121    69363   115606
   30    42 0.0008477325 0.0008477325    23121    69363   115606
   30    43 0.0008477325 0.0008477325    23121    69363   115606
   30    44 0.0008477325 0.0008477325    23121    69363   115606
   30    45 0.0008477325 0.0008477325    23121    69363   115606
   30    46 0.0008477325 0.0008477325    23121    69363   115606
   30    47 0.0008477325 0.0008477325    23121    69363   115606
   31    32 0.0008477325 0.0008477325    23121    69363   115606
   31    33 0.0008477325 0.0008477325    23121    69363   115606
   31    34 0.0008477325 0.0008477325    23121    69363   115606
   31    35 0.0008477325 0.0008477325    23121    69363   115606
   31    36 0.0008477325 0.0008477325    23121    69363   115606
   31    37 0.0008477325 0.0008477325    23121    69363   115606
   31    38 0.0008477325 0.0008477325    23121    69363   115606
   31    39 0.0008477325 0.0008477325    23121    69363   115606
   31    40 0.0008477325 0.0008477325    23121    69363   115606
   31    41 0.0008477325 0.0008477325    23121    69363   115606
   31    42 0.0008477325 0.0008477325    23121    69363   115606
   31    43 0.0008477325 0.0008477325    23121    69363   115606
   31    44 0.0008477325 0.0008477325    23121    69363   115606
   31    45 0.0008477325 0.0008477325    23121    69363   115606
   31    46 0.0008477325 0.0008477325    23121    69363   115606
   31    47 0.0008477325 0.0008477325    23121    69363   115606
