% vgg16_block3  crossbar 128x128  mesh 6x6x3 (108 nodes)
% generated by stage2_core.py -- see STAGE2.md
% run with:  -size 16 16 -dimx 6 -dimy 6 -dimz 3 -traffic table traffics_dnn_packing/vgg16_block3_xb128_6x6x3_c32r8s4.txt
% sweep with: WARMUP_DP_CYCLES=3 SIM_DP_CYCLES=80  (DP_CYCLE=648, SIM=51840, 0.4 block passes measured)
% LOAD_SCALE=0.05  CYCLES_PER_MAC=2.5e-05  t_period=115606
% phases:  conv5=[0,23121)  conv6=[23121,69363)  conv7=[69363,115605)
% src dst pir por t_on t_off t_period
    0     1 0.0067820069 0.0067820069        0    23121   115606
    0     2 0.0067820069 0.0067820069        0    23121   115606
    0     3 0.0067820069 0.0067820069        0    23121   115606
    0     8 0.0067820069 0.0067820069        0    23121   115606
    0     9 0.0067820069 0.0067820069        0    23121   115606
    0    10 0.0067820069 0.0067820069        0    23121   115606
    0    11 0.0067820069 0.0067820069        0    23121   115606
    1     8 0.0023313149 0.0023313149        0    23121   115606
    1     9 0.0023313149 0.0023313149        0    23121   115606
    1    10 0.0023313149 0.0023313149        0    23121   115606
    1    11 0.0023313149 0.0023313149        0    23121   115606
    1    12 0.0045566609 0.0045566609        0    23121   115606
    1    13 0.0045566609 0.0045566609        0    23121   115606
    1    14 0.0045566609 0.0045566609        0    23121   115606
    1    15 0.0045566609 0.0045566609        0    23121   115606
    2    12 0.0045566609 0.0045566609        0    23121   115606
    2    13 0.0045566609 0.0045566609        0    23121   115606
    2    14 0.0045566609 0.0045566609        0    23121   115606
    2    15 0.0045566609 0.0045566609        0    23121   115606
    2    16 0.0023313149 0.0023313149        0    23121   115606
    2    17 0.0023313149 0.0023313149        0    23121   115606
    2    18 0.0023313149 0.0023313149        0    23121   115606
    2    19 0.0023313149 0.0023313149        0    23121   115606
    3    16 0.0067820069 0.0067820069        0    23121   115606
    3    17 0.0067820069 0.0067820069        0    23121   115606
    3    18 0.0067820069 0.0067820069        0    23121   115606
    3    19 0.0067820069 0.0067820069        0    23121   115606
    4     0 0.0271280277 0.0271280277        0    23121   115606
    4     5 0.0067820069 0.0067820069        0    23121   115606
    4     6 0.0067820069 0.0067820069        0    23121   115606
    4     7 0.0067820069 0.0067820069        0    23121   115606
    5     1 0.0271280277 0.0271280277        0    23121   115606
    6     2 0.0271280277 0.0271280277        0    23121   115606
    7     3 0.0271280277 0.0271280277        0    23121   115606
    8    20 0.0033909301 0.0033909301    23121    69363   115606
    8    21 0.0033909301 0.0033909301    23121    69363   115606
    8    22 0.0033909301 0.0033909301    23121    69363   115606
    8    23 0.0033909301 0.0033909301    23121    69363   115606
    9    20 0.0011656322 0.0011656322    23121    69363   115606
    9    21 0.0011656322 0.0011656322    23121    69363   115606
    9    22 0.0011656322 0.0011656322    23121    69363   115606
    9    23 0.0011656322 0.0011656322    23121    69363   115606
    9    24 0.0022782812 0.0022782812    23121    69363   115606
    9    25 0.0022782812 0.0022782812    23121    69363   115606
    9    26 0.0022782812 0.0022782812    23121    69363   115606
    9    27 0.0022782812 0.0022782812    23121    69363   115606
   10    24 0.0022782812 0.0022782812    23121    69363   115606
   10    25 0.0022782812 0.0022782812    23121    69363   115606
   10    26 0.0022782812 0.0022782812    23121    69363   115606
   10    27 0.0022782812 0.0022782812    23121    69363   115606
   10    28 0.0011656322 0.0011656322    23121    69363   115606
   10    29 0.0011656322 0.0011656322    23121    69363   115606
   10    30 0.0011656322 0.0011656322    23121    69363   115606
   10    31 0.0011656322 0.0011656322    23121    69363   115606
   11    28 0.0033909301 0.0033909301    23121    69363   115606
   11    29 0.0033909301 0.0033909301    23121    69363   115606
   11    30 0.0033909301 0.0033909301    23121    69363   115606
   11    31 0.0033909301 0.0033909301    23121    69363   115606
   12     8 0.0135637205 0.0135637205    23121    69363   115606
   13     9 0.0135637205 0.0135637205    23121    69363   115606
   14    10 0.0135637205 0.0135637205    23121    69363   115606
   15    11 0.0135637205 0.0135637205    23121    69363   115606
   16     8 0.0135637205 0.0135637205    23121    69363   115606
   17     9 0.0135637205 0.0135637205    23121    69363   115606
   18    10 0.0135637205 0.0135637205    23121    69363   115606
   19    11 0.0135637205 0.0135637205    23121    69363   115606
   24    20 0.0135637205 0.0135637205    69363   115605   115606
   25    21 0.0135637205 0.0135637205    69363   115605   115606
   26    22 0.0135637205 0.0135637205    69363   115605   115606
   27    23 0.0135637205 0.0135637205    69363   115605   115606
   28    20 0.0135637205 0.0135637205    69363   115605   115606
   29    21 0.0135637205 0.0135637205    69363   115605   115606
   30    22 0.0135637205 0.0135637205    69363   115605   115606
   31    23 0.0135637205 0.0135637205    69363   115605   115606
