% vgg16_block3  crossbar 128x128  mesh 6x6x3 (108 nodes)
% generated by stage2_core.py -- see STAGE2.md
% run with:  -size 16 16 -dimx 6 -dimy 6 -dimz 3 -traffic table traffics_dnn_packing/vgg16_block3_xb128_6x6x3_c32r16s2.txt
% sweep with: WARMUP_DP_CYCLES=3 SIM_DP_CYCLES=80  (DP_CYCLE=648, SIM=51840, 0.4 block passes measured)
% LOAD_SCALE=0.05  CYCLES_PER_MAC=2.5e-05  t_period=115606
% phases:  conv5=[0,23121)  conv6=[23121,69363)  conv7=[69363,115605)
% src dst pir por t_on t_off t_period
    0     1 0.0135640138 0.0135640138        0    23121   115606
    0     2 0.0135640138 0.0135640138        0    23121   115606
    0     3 0.0135640138 0.0135640138        0    23121   115606
    0     4 0.0135640138 0.0135640138        0    23121   115606
    0     5 0.0135640138 0.0135640138        0    23121   115606
    0     6 0.0135640138 0.0135640138        0    23121   115606
    0     7 0.0135640138 0.0135640138        0    23121   115606
    0     8 0.0033910035 0.0033910035        0    23121   115606
    0     9 0.0033910035 0.0033910035        0    23121   115606
    0    10 0.0033910035 0.0033910035        0    23121   115606
    0    11 0.0033910035 0.0033910035        0    23121   115606
    0    12 0.0033910035 0.0033910035        0    23121   115606
    0    13 0.0033910035 0.0033910035        0    23121   115606
    0    14 0.0033910035 0.0033910035        0    23121   115606
    0    15 0.0033910035 0.0033910035        0    23121   115606
    1     8 0.0033910035 0.0033910035        0    23121   115606
    1     9 0.0033910035 0.0033910035        0    23121   115606
    1    10 0.0033910035 0.0033910035        0    23121   115606
    1    11 0.0033910035 0.0033910035        0    23121   115606
    1    12 0.0033910035 0.0033910035        0    23121   115606
    1    13 0.0033910035 0.0033910035        0    23121   115606
    1    14 0.0033910035 0.0033910035        0    23121   115606
    1    15 0.0033910035 0.0033910035        0    23121   115606
    2     8 0.0033910035 0.0033910035        0    23121   115606
    2     9 0.0033910035 0.0033910035        0    23121   115606
    2    10 0.0033910035 0.0033910035        0    23121   115606
    2    11 0.0033910035 0.0033910035        0    23121   115606
    2    12 0.0033910035 0.0033910035        0    23121   115606
    2    13 0.0033910035 0.0033910035        0    23121   115606
    2    14 0.0033910035 0.0033910035        0    23121   115606
    2    15 0.0033910035 0.0033910035        0    23121   115606
    3     8 0.0033910035 0.0033910035        0    23121   115606
    3     9 0.0033910035 0.0033910035        0    23121   115606
    3    10 0.0033910035 0.0033910035        0    23121   115606
    3    11 0.0033910035 0.0033910035        0    23121   115606
    3    12 0.0033910035 0.0033910035        0    23121   115606
    3    13 0.0033910035 0.0033910035        0    23121   115606
    3    14 0.0033910035 0.0033910035        0    23121   115606
    3    15 0.0033910035 0.0033910035        0    23121   115606
    4    16 0.0033910035 0.0033910035        0    23121   115606
    4    17 0.0033910035 0.0033910035        0    23121   115606
    4    18 0.0033910035 0.0033910035        0    23121   115606
    4    19 0.0033910035 0.0033910035        0    23121   115606
    4    20 0.0033910035 0.0033910035        0    23121   115606
    4    21 0.0033910035 0.0033910035        0    23121   115606
    4    22 0.0033910035 0.0033910035        0    23121   115606
    4    23 0.0033910035 0.0033910035        0    23121   115606
    5    16 0.0033910035 0.0033910035        0    23121   115606
    5    17 0.0033910035 0.0033910035        0    23121   115606
    5    18 0.0033910035 0.0033910035        0    23121   115606
    5    19 0.0033910035 0.0033910035        0    23121   115606
    5    20 0.0033910035 0.0033910035        0    23121   115606
    5    21 0.0033910035 0.0033910035        0    23121   115606
    5    22 0.0033910035 0.0033910035        0    23121   115606
    5    23 0.0033910035 0.0033910035        0    23121   115606
    6    16 0.0033910035 0.0033910035        0    23121   115606
    6    17 0.0033910035 0.0033910035        0    23121   115606
    6    18 0.0033910035 0.0033910035        0    23121   115606
    6    19 0.0033910035 0.0033910035        0    23121   115606
    6    20 0.0033910035 0.0033910035        0    23121   115606
    6    21 0.0033910035 0.0033910035        0    23121   115606
    6    22 0.0033910035 0.0033910035        0    23121   115606
    6    23 0.0033910035 0.0033910035        0    23121   115606
    7    16 0.0033910035 0.0033910035        0    23121   115606
    7    17 0.0033910035 0.0033910035        0    23121   115606
    7    18 0.0033910035 0.0033910035        0    23121   115606
    7    19 0.0033910035 0.0033910035        0    23121   115606
    7    20 0.0033910035 0.0033910035        0    23121   115606
    7    21 0.0033910035 0.0033910035        0    23121   115606
    7    22 0.0033910035 0.0033910035        0    23121   115606
    7    23 0.0033910035 0.0033910035        0    23121   115606
    8    24 0.0016954651 0.0016954651    23121    69363   115606
    8    25 0.0016954651 0.0016954651    23121    69363   115606
    8    26 0.0016954651 0.0016954651    23121    69363   115606
    8    27 0.0016954651 0.0016954651    23121    69363   115606
    8    28 0.0016954651 0.0016954651    23121    69363   115606
    8    29 0.0016954651 0.0016954651    23121    69363   115606
    8    30 0.0016954651 0.0016954651    23121    69363   115606
    8    31 0.0016954651 0.0016954651    23121    69363   115606
    9    24 0.0016954651 0.0016954651    23121    69363   115606
    9    25 0.0016954651 0.0016954651    23121    69363   115606
    9    26 0.0016954651 0.0016954651    23121    69363   115606
    9    27 0.0016954651 0.0016954651    23121    69363   115606
    9    28 0.0016954651 0.0016954651    23121    69363   115606
    9    29 0.0016954651 0.0016954651    23121    69363   115606
    9    30 0.0016954651 0.0016954651    23121    69363   115606
    9    31 0.0016954651 0.0016954651    23121    69363   115606
   10    24 0.0016954651 0.0016954651    23121    69363   115606
   10    25 0.0016954651 0.0016954651    23121    69363   115606
   10    26 0.0016954651 0.0016954651    23121    69363   115606
   10    27 0.0016954651 0.0016954651    23121    69363   115606
   10    28 0.0016954651 0.0016954651    23121    69363   115606
   10    29 0.0016954651 0.0016954651    23121    69363   115606
   10    30 0.0016954651 0.0016954651    23121    69363   115606
   10    31 0.0016954651 0.0016954651    23121    69363   115606
   11    24 0.0016954651 0.0016954651    23121    69363   115606
   11    25 0.0016954651 0.0016954651    23121    69363   115606
   11    26 0.0016954651 0.0016954651    23121    69363   115606
   11    27 0.0016954651 0.0016954651    23121    69363   115606
   11    28 0.0016954651 0.0016954651    23121    69363   115606
   11    29 0.0016954651 0.0016954651    23121    69363   115606
   11    30 0.0016954651 0.0016954651    23121    69363   115606
   11    31 0.0016954651 0.0016954651    23121    69363   115606
   12    32 0.0016954651 0.0016954651    23121    69363   115606
   12    33 0.0016954651 0.0016954651    23121    69363   115606
   12    34 0.0016954651 0.0016954651    23121    69363   115606
   12    35 0.0016954651 0.0016954651    23121    69363   115606
   12    36 0.0016954651 0.0016954651    23121    69363   115606
   12    37 0.0016954651 0.0016954651    23121    69363   115606
   12    38 0.0016954651 0.0016954651    23121    69363   115606
   12    39 0.0016954651 0.0016954651    23121    69363   115606
   13    32 0.0016954651 0.0016954651    23121    69363   115606
   13    33 0.0016954651 0.0016954651    23121    69363   115606
   13    34 0.0016954651 0.0016954651    23121    69363   115606
   13    35 0.0016954651 0.0016954651    23121    69363   115606
   13    36 0.0016954651 0.0016954651    23121    69363   115606
   13    37 0.0016954651 0.0016954651    23121    69363   115606
   13    38 0.0016954651 0.0016954651    23121    69363   115606
   13    39 0.0016954651 0.0016954651    23121    69363   115606
   14    32 0.0016954651 0.0016954651    23121    69363   115606
   14    33 0.0016954651 0.0016954651    23121    69363   115606
   14    34 0.0016954651 0.0016954651    23121    69363   115606
   14    35 0.0016954651 0.0016954651    23121    69363   115606
   14    36 0.0016954651 0.0016954651    23121    69363   115606
   14    37 0.0016954651 0.0016954651    23121    69363   115606
   14    38 0.0016954651 0.0016954651    23121    69363   115606
   14    39 0.0016954651 0.0016954651    23121    69363   115606
   15    32 0.0016954651 0.0016954651    23121    69363   115606
   15    33 0.0016954651 0.0016954651    23121    69363   115606
   15    34 0.0016954651 0.0016954651    23121    69363   115606
   15    35 0.0016954651 0.0016954651    23121    69363   115606
   15    36 0.0016954651 0.0016954651    23121    69363   115606
   15    37 0.0016954651 0.0016954651    23121    69363   115606
   15    38 0.0016954651 0.0016954651    23121    69363   115606
   15    39 0.0016954651 0.0016954651    23121    69363   115606
   16     8 0.0067818603 0.0067818603    23121    69363   115606
   17     9 0.0067818603 0.0067818603    23121    69363   115606
   18    10 0.0067818603 0.0067818603    23121    69363   115606
   19    11 0.0067818603 0.0067818603    23121    69363   115606
   20    12 0.0067818603 0.0067818603    23121    69363   115606
   21    13 0.0067818603 0.0067818603    23121    69363   115606
   22    14 0.0067818603 0.0067818603    23121    69363   115606
   23    15 0.0067818603 0.0067818603    23121    69363   115606
   32    24 0.0067818603 0.0067818603    69363   115605   115606
   33    25 0.0067818603 0.0067818603    69363   115605   115606
   34    26 0.0067818603 0.0067818603    69363   115605   115606
   35    27 0.0067818603 0.0067818603    69363   115605   115606
   36    28 0.0067818603 0.0067818603    69363   115605   115606
   37    29 0.0067818603 0.0067818603    69363   115605   115606
   38    30 0.0067818603 0.0067818603    69363   115605   115606
   39    31 0.0067818603 0.0067818603    69363   115605   115606
