% vgg16_block3  crossbar 128x128  mesh 6x6x3 (108 nodes)
% generated by stage2_core.py -- see STAGE2.md
% run with:  -size 16 16 -dimx 6 -dimy 6 -dimz 3 -traffic table traffics_dnn_packing/vgg16_block3_xb128_6x6x3_c32r4s8.txt
% sweep with: WARMUP_DP_CYCLES=3 SIM_DP_CYCLES=80  (DP_CYCLE=648, SIM=51840, 0.4 block passes measured)
% LOAD_SCALE=0.05  CYCLES_PER_MAC=2.5e-05  t_period=115606
% phases:  conv5=[0,23121)  conv6=[23121,69363)  conv7=[69363,115605)
% src dst pir por t_on t_off t_period
    0     1 0.0045566609 0.0045566609        0    23121   115606
    0     2 0.0001059689 0.0001059689        0    23121   115606
    0     3 0.0001059689 0.0001059689        0    23121   115606
    0     6 0.0055103806 0.0055103806        0    23121   115606
    0     7 0.0055103806 0.0055103806        0    23121   115606
    0     8 0.0055103806 0.0055103806        0    23121   115606
    0     9 0.0055103806 0.0055103806        0    23121   115606
    0    10 0.0027551903 0.0027551903        0    23121   115606
    0    11 0.0027551903 0.0027551903        0    23121   115606
    1    10 0.0027551903 0.0027551903        0    23121   115606
    1    11 0.0027551903 0.0027551903        0    23121   115606
    1    12 0.0055103806 0.0055103806        0    23121   115606
    1    13 0.0055103806 0.0055103806        0    23121   115606
    1    14 0.0055103806 0.0055103806        0    23121   115606
    1    15 0.0055103806 0.0055103806        0    23121   115606
    2     0 0.0543620242 0.0543620242        0    23121   115606
    2     1 0.0001059689 0.0001059689        0    23121   115606
    2     3 0.0046626298 0.0046626298        0    23121   115606
    2     4 0.0001059689 0.0001059689        0    23121   115606
    2     5 0.0001059689 0.0001059689        0    23121   115606
    3     1 0.0542560554 0.0542560554        0    23121   115606
    4     0 0.0542560554 0.0542560554        0    23121   115606
    4     2 0.0001059689 0.0001059689        0    23121   115606
    4     3 0.0001059689 0.0001059689        0    23121   115606
    4     5 0.0045566609 0.0045566609        0    23121   115606
    5     1 0.0542560554 0.0542560554        0    23121   115606
    6    16 0.0027551307 0.0027551307    23121    69363   115606
    6    17 0.0027551307 0.0027551307    23121    69363   115606
    6    18 0.0027551307 0.0027551307    23121    69363   115606
    6    19 0.0027551307 0.0027551307    23121    69363   115606
    6    20 0.0013775654 0.0013775654    23121    69363   115606
    6    21 0.0013775654 0.0013775654    23121    69363   115606
    7    20 0.0013775654 0.0013775654    23121    69363   115606
    7    21 0.0013775654 0.0013775654    23121    69363   115606
    7    22 0.0027551307 0.0027551307    23121    69363   115606
    7    23 0.0027551307 0.0027551307    23121    69363   115606
    7    24 0.0027551307 0.0027551307    23121    69363   115606
    7    25 0.0027551307 0.0027551307    23121    69363   115606
    8     6 0.0271274410 0.0271274410    23121    69363   115606
    9     7 0.0271274410 0.0271274410    23121    69363   115606
   10     6 0.0271274410 0.0271274410    23121    69363   115606
   11     7 0.0271274410 0.0271274410    23121    69363   115606
   12     6 0.0271274410 0.0271274410    23121    69363   115606
   13     7 0.0271274410 0.0271274410    23121    69363   115606
   14     6 0.0271274410 0.0271274410    23121    69363   115606
   15     7 0.0271274410 0.0271274410    23121    69363   115606
   18    16 0.0271274410 0.0271274410    69363   115605   115606
   19    17 0.0271274410 0.0271274410    69363   115605   115606
   20    16 0.0271274410 0.0271274410    69363   115605   115606
   21    17 0.0271274410 0.0271274410    69363   115605   115606
   22    16 0.0271274410 0.0271274410    69363   115605   115606
   23    17 0.0271274410 0.0271274410    69363   115605   115606
   24    16 0.0271274410 0.0271274410    69363   115605   115606
   25    17 0.0271274410 0.0271274410    69363   115605   115606
