% vgg16_block3  crossbar 128x128  mesh 6x6x3 (108 nodes)
% generated by stage2_core.py -- see STAGE2.md
% run with:  -size 16 16 -dimx 6 -dimy 6 -dimz 3 -traffic table traffics_dnn_packing/vgg16_block3_xb128_6x6x3_c8r1s8.txt
% sweep with: WARMUP_DP_CYCLES=3 SIM_DP_CYCLES=80  (DP_CYCLE=648, SIM=51840, 0.4 block passes measured)
% LOAD_SCALE=0.05  CYCLES_PER_MAC=2.5e-05  t_period=115606
% phases:  conv5=[0,23121)  conv6=[23121,69363)  conv7=[69363,115605)
% src dst pir por t_on t_off t_period
    0     1 0.0015895329 0.0015895329        0    23121   115606
    0     2 0.0001059689 0.0001059689        0    23121   115606
    0     3 0.0001059689 0.0001059689        0    23121   115606
    0    18 0.0015895329 0.0015895329        0    23121   115606
    0    19 0.0015895329 0.0015895329        0    23121   115606
    0    20 0.0015895329 0.0015895329        0    23121   115606
    0    21 0.0015895329 0.0015895329        0    23121   115606
    0    22 0.0015895329 0.0015895329        0    23121   115606
    0    23 0.0015895329 0.0015895329        0    23121   115606
    0    24 0.0015895329 0.0015895329        0    23121   115606
    0    25 0.0015895329 0.0015895329        0    23121   115606
    0    26 0.0016955017 0.0016955017        0    23121   115606
    0    27 0.0016955017 0.0016955017        0    23121   115606
    0    28 0.0015895329 0.0015895329        0    23121   115606
    0    29 0.0015895329 0.0015895329        0    23121   115606
    0    30 0.0015895329 0.0015895329        0    23121   115606
    0    31 0.0015895329 0.0015895329        0    23121   115606
    0    32 0.0015895329 0.0015895329        0    23121   115606
    0    33 0.0015895329 0.0015895329        0    23121   115606
    0    34 0.0015895329 0.0015895329        0    23121   115606
    0    35 0.0015895329 0.0015895329        0    23121   115606
    1    36 0.0015895329 0.0015895329        0    23121   115606
    1    37 0.0015895329 0.0015895329        0    23121   115606
    1    38 0.0015895329 0.0015895329        0    23121   115606
    1    39 0.0015895329 0.0015895329        0    23121   115606
    1    40 0.0015895329 0.0015895329        0    23121   115606
    1    41 0.0015895329 0.0015895329        0    23121   115606
    1    42 0.0015895329 0.0015895329        0    23121   115606
    1    43 0.0015895329 0.0015895329        0    23121   115606
    1    44 0.0016955017 0.0016955017        0    23121   115606
    1    45 0.0016955017 0.0016955017        0    23121   115606
    1    46 0.0015895329 0.0015895329        0    23121   115606
    1    47 0.0015895329 0.0015895329        0    23121   115606
    1    48 0.0015895329 0.0015895329        0    23121   115606
    1    49 0.0015895329 0.0015895329        0    23121   115606
    1    50 0.0015895329 0.0015895329        0    23121   115606
    1    51 0.0015895329 0.0015895329        0    23121   115606
    1    52 0.0015895329 0.0015895329        0    23121   115606
    1    53 0.0015895329 0.0015895329        0    23121   115606
    2     0 0.0543620242 0.0543620242        0    23121   115606
    2     1 0.0001059689 0.0001059689        0    23121   115606
    2     3 0.0015895329 0.0015895329        0    23121   115606
    2     4 0.0001059689 0.0001059689        0    23121   115606
    2     5 0.0001059689 0.0001059689        0    23121   115606
    3     1 0.0542560554 0.0542560554        0    23121   115606
    4     0 0.0542560554 0.0542560554        0    23121   115606
    4     2 0.0001059689 0.0001059689        0    23121   115606
    4     3 0.0001059689 0.0001059689        0    23121   115606
    4     5 0.0015895329 0.0015895329        0    23121   115606
    4     6 0.0001059689 0.0001059689        0    23121   115606
    4     7 0.0001059689 0.0001059689        0    23121   115606
    5     1 0.0542560554 0.0542560554        0    23121   115606
    6     0 0.0542560554 0.0542560554        0    23121   115606
    6     4 0.0001059689 0.0001059689        0    23121   115606
    6     5 0.0001059689 0.0001059689        0    23121   115606
    6     7 0.0015895329 0.0015895329        0    23121   115606
    6     8 0.0001059689 0.0001059689        0    23121   115606
    6     9 0.0001059689 0.0001059689        0    23121   115606
    7     1 0.0542560554 0.0542560554        0    23121   115606
    8     0 0.0542560554 0.0542560554        0    23121   115606
    8     6 0.0001059689 0.0001059689        0    23121   115606
    8     7 0.0001059689 0.0001059689        0    23121   115606
    8     9 0.0016955017 0.0016955017        0    23121   115606
    8    10 0.0001059689 0.0001059689        0    23121   115606
    8    11 0.0001059689 0.0001059689        0    23121   115606
    9     1 0.0542560554 0.0542560554        0    23121   115606
   10     0 0.0542560554 0.0542560554        0    23121   115606
   10     8 0.0001059689 0.0001059689        0    23121   115606
   10     9 0.0001059689 0.0001059689        0    23121   115606
   10    11 0.0015895329 0.0015895329        0    23121   115606
   10    12 0.0001059689 0.0001059689        0    23121   115606
   10    13 0.0001059689 0.0001059689        0    23121   115606
   11     1 0.0542560554 0.0542560554        0    23121   115606
   12     0 0.0542560554 0.0542560554        0    23121   115606
   12    10 0.0001059689 0.0001059689        0    23121   115606
   12    11 0.0001059689 0.0001059689        0    23121   115606
   12    13 0.0015895329 0.0015895329        0    23121   115606
   12    14 0.0001059689 0.0001059689        0    23121   115606
   12    15 0.0001059689 0.0001059689        0    23121   115606
   13     1 0.0542560554 0.0542560554        0    23121   115606
   14     0 0.0542560554 0.0542560554        0    23121   115606
   14    12 0.0001059689 0.0001059689        0    23121   115606
   14    13 0.0001059689 0.0001059689        0    23121   115606
   14    15 0.0015895329 0.0015895329        0    23121   115606
   14    16 0.0001059689 0.0001059689        0    23121   115606
   14    17 0.0001059689 0.0001059689        0    23121   115606
   15     1 0.0542560554 0.0542560554        0    23121   115606
   16     0 0.0542560554 0.0542560554        0    23121   115606
   16    14 0.0001059689 0.0001059689        0    23121   115606
   16    15 0.0001059689 0.0001059689        0    23121   115606
   16    17 0.0015895329 0.0015895329        0    23121   115606
   17     1 0.0542560554 0.0542560554        0    23121   115606
   18    54 0.0007947492 0.0007947492    23121    69363   115606
   18    55 0.0007947492 0.0007947492    23121    69363   115606
   18    56 0.0007947492 0.0007947492    23121    69363   115606
   18    57 0.0007947492 0.0007947492    23121    69363   115606
   18    58 0.0007947492 0.0007947492    23121    69363   115606
   18    59 0.0007947492 0.0007947492    23121    69363   115606
   18    60 0.0007947492 0.0007947492    23121    69363   115606
   18    61 0.0007947492 0.0007947492    23121    69363   115606
   18    62 0.0008477325 0.0008477325    23121    69363   115606
   18    63 0.0008477325 0.0008477325    23121    69363   115606
   18    64 0.0007947492 0.0007947492    23121    69363   115606
   18    65 0.0007947492 0.0007947492    23121    69363   115606
   18    66 0.0007947492 0.0007947492    23121    69363   115606
   18    67 0.0007947492 0.0007947492    23121    69363   115606
   18    68 0.0007947492 0.0007947492    23121    69363   115606
   18    69 0.0007947492 0.0007947492    23121    69363   115606
   18    70 0.0007947492 0.0007947492    23121    69363   115606
   18    71 0.0007947492 0.0007947492    23121    69363   115606
   19    72 0.0007947492 0.0007947492    23121    69363   115606
   19    73 0.0007947492 0.0007947492    23121    69363   115606
   19    74 0.0007947492 0.0007947492    23121    69363   115606
   19    75 0.0007947492 0.0007947492    23121    69363   115606
   19    76 0.0007947492 0.0007947492    23121    69363   115606
   19    77 0.0007947492 0.0007947492    23121    69363   115606
   19    78 0.0007947492 0.0007947492    23121    69363   115606
   19    79 0.0007947492 0.0007947492    23121    69363   115606
   19    80 0.0008477325 0.0008477325    23121    69363   115606
   19    81 0.0008477325 0.0008477325    23121    69363   115606
   19    82 0.0007947492 0.0007947492    23121    69363   115606
   19    83 0.0007947492 0.0007947492    23121    69363   115606
   19    84 0.0007947492 0.0007947492    23121    69363   115606
   19    85 0.0007947492 0.0007947492    23121    69363   115606
   19    86 0.0007947492 0.0007947492    23121    69363   115606
   19    87 0.0007947492 0.0007947492    23121    69363   115606
   19    88 0.0007947492 0.0007947492    23121    69363   115606
   19    89 0.0007947492 0.0007947492    23121    69363   115606
   20    18 0.0271274410 0.0271274410    23121    69363   115606
   21    19 0.0271274410 0.0271274410    23121    69363   115606
   22    18 0.0271274410 0.0271274410    23121    69363   115606
   23    19 0.0271274410 0.0271274410    23121    69363   115606
   24    18 0.0271274410 0.0271274410    23121    69363   115606
   25    19 0.0271274410 0.0271274410    23121    69363   115606
   26    18 0.0271274410 0.0271274410    23121    69363   115606
   27    19 0.0271274410 0.0271274410    23121    69363   115606
   28    18 0.0271274410 0.0271274410    23121    69363   115606
   29    19 0.0271274410 0.0271274410    23121    69363   115606
   30    18 0.0271274410 0.0271274410    23121    69363   115606
   31    19 0.0271274410 0.0271274410    23121    69363   115606
   32    18 0.0271274410 0.0271274410    23121    69363   115606
   33    19 0.0271274410 0.0271274410    23121    69363   115606
   34    18 0.0271274410 0.0271274410    23121    69363   115606
   35    19 0.0271274410 0.0271274410    23121    69363   115606
   36    18 0.0271274410 0.0271274410    23121    69363   115606
   37    19 0.0271274410 0.0271274410    23121    69363   115606
   38    18 0.0271274410 0.0271274410    23121    69363   115606
   39    19 0.0271274410 0.0271274410    23121    69363   115606
   40    18 0.0271274410 0.0271274410    23121    69363   115606
   41    19 0.0271274410 0.0271274410    23121    69363   115606
   42    18 0.0271274410 0.0271274410    23121    69363   115606
   43    19 0.0271274410 0.0271274410    23121    69363   115606
   44    18 0.0271274410 0.0271274410    23121    69363   115606
   45    19 0.0271274410 0.0271274410    23121    69363   115606
   46    18 0.0271274410 0.0271274410    23121    69363   115606
   47    19 0.0271274410 0.0271274410    23121    69363   115606
   48    18 0.0271274410 0.0271274410    23121    69363   115606
   49    19 0.0271274410 0.0271274410    23121    69363   115606
   50    18 0.0271274410 0.0271274410    23121    69363   115606
   51    19 0.0271274410 0.0271274410    23121    69363   115606
   52    18 0.0271274410 0.0271274410    23121    69363   115606
   53    19 0.0271274410 0.0271274410    23121    69363   115606
   56    54 0.0271274410 0.0271274410    69363   115605   115606
   57    55 0.0271274410 0.0271274410    69363   115605   115606
   58    54 0.0271274410 0.0271274410    69363   115605   115606
   59    55 0.0271274410 0.0271274410    69363   115605   115606
   60    54 0.0271274410 0.0271274410    69363   115605   115606
   61    55 0.0271274410 0.0271274410    69363   115605   115606
   62    54 0.0271274410 0.0271274410    69363   115605   115606
   63    55 0.0271274410 0.0271274410    69363   115605   115606
   64    54 0.0271274410 0.0271274410    69363   115605   115606
   65    55 0.0271274410 0.0271274410    69363   115605   115606
   66    54 0.0271274410 0.0271274410    69363   115605   115606
   67    55 0.0271274410 0.0271274410    69363   115605   115606
   68    54 0.0271274410 0.0271274410    69363   115605   115606
   69    55 0.0271274410 0.0271274410    69363   115605   115606
   70    54 0.0271274410 0.0271274410    69363   115605   115606
   71    55 0.0271274410 0.0271274410    69363   115605   115606
   72    54 0.0271274410 0.0271274410    69363   115605   115606
   73    55 0.0271274410 0.0271274410    69363   115605   115606
   74    54 0.0271274410 0.0271274410    69363   115605   115606
   75    55 0.0271274410 0.0271274410    69363   115605   115606
   76    54 0.0271274410 0.0271274410    69363   115605   115606
   77    55 0.0271274410 0.0271274410    69363   115605   115606
   78    54 0.0271274410 0.0271274410    69363   115605   115606
   79    55 0.0271274410 0.0271274410    69363   115605   115606
   80    54 0.0271274410 0.0271274410    69363   115605   115606
   81    55 0.0271274410 0.0271274410    69363   115605   115606
   82    54 0.0271274410 0.0271274410    69363   115605   115606
   83    55 0.0271274410 0.0271274410    69363   115605   115606
   84    54 0.0271274410 0.0271274410    69363   115605   115606
   85    55 0.0271274410 0.0271274410    69363   115605   115606
   86    54 0.0271274410 0.0271274410    69363   115605   115606
   87    55 0.0271274410 0.0271274410    69363   115605   115606
   88    54 0.0271274410 0.0271274410    69363   115605   115606
   89    55 0.0271274410 0.0271274410    69363   115605   115606
