% vgg16_block3  crossbar 128x128  mesh 6x6x3 (108 nodes)
% generated by stage2_core.py -- see STAGE2.md
% run with:  -size 16 16 -dimx 6 -dimy 6 -dimz 3 -traffic table traffics_dnn_packing/vgg16_block3_xb128_6x6x3_c32r2s16.txt
% sweep with: WARMUP_DP_CYCLES=3 SIM_DP_CYCLES=80  (DP_CYCLE=648, SIM=51840, 0.4 block passes measured)
% LOAD_SCALE=0.05  CYCLES_PER_MAC=2.5e-05  t_period=115606
% phases:  conv5=[0,23121)  conv6=[23121,69363)  conv7=[69363,115605)
% src dst pir por t_on t_off t_period
    0     1 0.0001059689 0.0001059689        0    23121   115606
    0     5 0.0030730969 0.0030730969        0    23121   115606
    0     6 0.0030730969 0.0030730969        0    23121   115606
    0     7 0.0031790657 0.0031790657        0    23121   115606
    0     8 0.0030730969 0.0030730969        0    23121   115606
    0     9 0.0031790657 0.0031790657        0    23121   115606
    0    10 0.0030730969 0.0030730969        0    23121   115606
    0    11 0.0031790657 0.0031790657        0    23121   115606
    0    12 0.0030730969 0.0030730969        0    23121   115606
    0    13 0.0030730969 0.0030730969        0    23121   115606
    1     0 0.1086180796 0.1086180796        0    23121   115606
    1     2 0.0001059689 0.0001059689        0    23121   115606
    2     0 0.1085121107 0.1085121107        0    23121   115606
    2     1 0.0001059689 0.0001059689        0    23121   115606
    3     0 0.1085121107 0.1085121107        0    23121   115606
    3     4 0.0001059689 0.0001059689        0    23121   115606
    4     0 0.1085121107 0.1085121107        0    23121   115606
    4     3 0.0001059689 0.0001059689        0    23121   115606
    5    14 0.0015365152 0.0015365152    23121    69363   115606
    5    15 0.0015365152 0.0015365152    23121    69363   115606
    5    16 0.0015894985 0.0015894985    23121    69363   115606
    5    17 0.0015365152 0.0015365152    23121    69363   115606
    5    18 0.0015894985 0.0015894985    23121    69363   115606
    5    19 0.0015365152 0.0015365152    23121    69363   115606
    5    20 0.0015894985 0.0015894985    23121    69363   115606
    5    21 0.0015365152 0.0015365152    23121    69363   115606
    5    22 0.0015365152 0.0015365152    23121    69363   115606
    6     5 0.0542548820 0.0542548820    23121    69363   115606
    7     5 0.0542548820 0.0542548820    23121    69363   115606
    8     5 0.0542548820 0.0542548820    23121    69363   115606
    9     5 0.0542548820 0.0542548820    23121    69363   115606
   10     5 0.0542548820 0.0542548820    23121    69363   115606
   11     5 0.0542548820 0.0542548820    23121    69363   115606
   12     5 0.0542548820 0.0542548820    23121    69363   115606
   13     5 0.0542548820 0.0542548820    23121    69363   115606
   15    14 0.0542548820 0.0542548820    69363   115605   115606
   16    14 0.0542548820 0.0542548820    69363   115605   115606
   17    14 0.0542548820 0.0542548820    69363   115605   115606
   18    14 0.0542548820 0.0542548820    69363   115605   115606
   19    14 0.0542548820 0.0542548820    69363   115605   115606
   20    14 0.0542548820 0.0542548820    69363   115605   115606
   21    14 0.0542548820 0.0542548820    69363   115605   115606
   22    14 0.0542548820 0.0542548820    69363   115605   115606
