% vgg16_block3  crossbar 128x128  mesh 6x6x3 (108 nodes)
% generated by stage2_core.py -- see STAGE2.md
% run with:  -size 16 16 -dimx 6 -dimy 6 -dimz 3 -traffic table traffics_dnn_packing/vgg16_block3_xb128_6x6x3_c8r4s2.txt
% sweep with: WARMUP_DP_CYCLES=3 SIM_DP_CYCLES=80  (DP_CYCLE=648, SIM=51840, 0.4 block passes measured)
% LOAD_SCALE=0.05  CYCLES_PER_MAC=2.5e-05  t_period=115606
% phases:  conv5=[0,23121)  conv6=[23121,69363)  conv7=[69363,115605)
% src dst pir por t_on t_off t_period
    0     1 0.0045566609 0.0045566609        0    23121   115606
    0     2 0.0045566609 0.0045566609        0    23121   115606
    0     3 0.0045566609 0.0045566609        0    23121   115606
    0     4 0.0045566609 0.0045566609        0    23121   115606
    0     5 0.0045566609 0.0045566609        0    23121   115606
    0     6 0.0045566609 0.0045566609        0    23121   115606
    0     7 0.0045566609 0.0045566609        0    23121   115606
    0     8 0.0001059689 0.0001059689        0    23121   115606
    0     9 0.0001059689 0.0001059689        0    23121   115606
    0    10 0.0001059689 0.0001059689        0    23121   115606
    0    11 0.0001059689 0.0001059689        0    23121   115606
    0    12 0.0001059689 0.0001059689        0    23121   115606
    0    13 0.0001059689 0.0001059689        0    23121   115606
    0    14 0.0001059689 0.0001059689        0    23121   115606
    0    15 0.0001059689 0.0001059689        0    23121   115606
    0    24 0.0033910035 0.0033910035        0    23121   115606
    0    25 0.0033910035 0.0033910035        0    23121   115606
    0    26 0.0033910035 0.0033910035        0    23121   115606
    0    27 0.0033910035 0.0033910035        0    23121   115606
    0    28 0.0033910035 0.0033910035        0    23121   115606
    0    29 0.0033910035 0.0033910035        0    23121   115606
    0    30 0.0033910035 0.0033910035        0    23121   115606
    0    31 0.0033910035 0.0033910035        0    23121   115606
    1    24 0.0021193772 0.0021193772        0    23121   115606
    1    25 0.0021193772 0.0021193772        0    23121   115606
    1    26 0.0021193772 0.0021193772        0    23121   115606
    1    27 0.0021193772 0.0021193772        0    23121   115606
    1    28 0.0021193772 0.0021193772        0    23121   115606
    1    29 0.0021193772 0.0021193772        0    23121   115606
    1    30 0.0021193772 0.0021193772        0    23121   115606
    1    31 0.0021193772 0.0021193772        0    23121   115606
    1    32 0.0013775952 0.0013775952        0    23121   115606
    1    33 0.0013775952 0.0013775952        0    23121   115606
    1    34 0.0013775952 0.0013775952        0    23121   115606
    1    35 0.0013775952 0.0013775952        0    23121   115606
    1    36 0.0013775952 0.0013775952        0    23121   115606
    1    37 0.0013775952 0.0013775952        0    23121   115606
    1    38 0.0013775952 0.0013775952        0    23121   115606
    1    39 0.0013775952 0.0013775952        0    23121   115606
    2    32 0.0033910035 0.0033910035        0    23121   115606
    2    33 0.0033910035 0.0033910035        0    23121   115606
    2    34 0.0033910035 0.0033910035        0    23121   115606
    2    35 0.0033910035 0.0033910035        0    23121   115606
    2    36 0.0033910035 0.0033910035        0    23121   115606
    2    37 0.0033910035 0.0033910035        0    23121   115606
    2    38 0.0033910035 0.0033910035        0    23121   115606
    2    39 0.0033910035 0.0033910035        0    23121   115606
    3    32 0.0007417820 0.0007417820        0    23121   115606
    3    33 0.0007417820 0.0007417820        0    23121   115606
    3    34 0.0007417820 0.0007417820        0    23121   115606
    3    35 0.0007417820 0.0007417820        0    23121   115606
    3    36 0.0007417820 0.0007417820        0    23121   115606
    3    37 0.0007417820 0.0007417820        0    23121   115606
    3    38 0.0007417820 0.0007417820        0    23121   115606
    3    39 0.0007417820 0.0007417820        0    23121   115606
    3    40 0.0027551903 0.0027551903        0    23121   115606
    3    41 0.0027551903 0.0027551903        0    23121   115606
    3    42 0.0027551903 0.0027551903        0    23121   115606
    3    43 0.0027551903 0.0027551903        0    23121   115606
    3    44 0.0027551903 0.0027551903        0    23121   115606
    3    45 0.0027551903 0.0027551903        0    23121   115606
    3    46 0.0027551903 0.0027551903        0    23121   115606
    3    47 0.0027551903 0.0027551903        0    23121   115606
    4    40 0.0027551903 0.0027551903        0    23121   115606
    4    41 0.0027551903 0.0027551903        0    23121   115606
    4    42 0.0027551903 0.0027551903        0    23121   115606
    4    43 0.0027551903 0.0027551903        0    23121   115606
    4    44 0.0027551903 0.0027551903        0    23121   115606
    4    45 0.0027551903 0.0027551903        0    23121   115606
    4    46 0.0027551903 0.0027551903        0    23121   115606
    4    47 0.0027551903 0.0027551903        0    23121   115606
    4    48 0.0007417820 0.0007417820        0    23121   115606
    4    49 0.0007417820 0.0007417820        0    23121   115606
    4    50 0.0007417820 0.0007417820        0    23121   115606
    4    51 0.0007417820 0.0007417820        0    23121   115606
    4    52 0.0007417820 0.0007417820        0    23121   115606
    4    53 0.0007417820 0.0007417820        0    23121   115606
    4    54 0.0007417820 0.0007417820        0    23121   115606
    4    55 0.0007417820 0.0007417820        0    23121   115606
    5    48 0.0033910035 0.0033910035        0    23121   115606
    5    49 0.0033910035 0.0033910035        0    23121   115606
    5    50 0.0033910035 0.0033910035        0    23121   115606
    5    51 0.0033910035 0.0033910035        0    23121   115606
    5    52 0.0033910035 0.0033910035        0    23121   115606
    5    53 0.0033910035 0.0033910035        0    23121   115606
    5    54 0.0033910035 0.0033910035        0    23121   115606
    5    55 0.0033910035 0.0033910035        0    23121   115606
    6    48 0.0013775952 0.0013775952        0    23121   115606
    6    49 0.0013775952 0.0013775952        0    23121   115606
    6    50 0.0013775952 0.0013775952        0    23121   115606
    6    51 0.0013775952 0.0013775952        0    23121   115606
    6    52 0.0013775952 0.0013775952        0    23121   115606
    6    53 0.0013775952 0.0013775952        0    23121   115606
    6    54 0.0013775952 0.0013775952        0    23121   115606
    6    55 0.0013775952 0.0013775952        0    23121   115606
    6    56 0.0021193772 0.0021193772        0    23121   115606
    6    57 0.0021193772 0.0021193772        0    23121   115606
    6    58 0.0021193772 0.0021193772        0    23121   115606
    6    59 0.0021193772 0.0021193772        0    23121   115606
    6    60 0.0021193772 0.0021193772        0    23121   115606
    6    61 0.0021193772 0.0021193772        0    23121   115606
    6    62 0.0021193772 0.0021193772        0    23121   115606
    6    63 0.0021193772 0.0021193772        0    23121   115606
    7    56 0.0033910035 0.0033910035        0    23121   115606
    7    57 0.0033910035 0.0033910035        0    23121   115606
    7    58 0.0033910035 0.0033910035        0    23121   115606
    7    59 0.0033910035 0.0033910035        0    23121   115606
    7    60 0.0033910035 0.0033910035        0    23121   115606
    7    61 0.0033910035 0.0033910035        0    23121   115606
    7    62 0.0033910035 0.0033910035        0    23121   115606
    7    63 0.0033910035 0.0033910035        0    23121   115606
    8     0 0.0136699827 0.0136699827        0    23121   115606
    8     1 0.0001059689 0.0001059689        0    23121   115606
    8     2 0.0001059689 0.0001059689        0    23121   115606
    8     3 0.0001059689 0.0001059689        0    23121   115606
    8     4 0.0001059689 0.0001059689        0    23121   115606
    8     5 0.0001059689 0.0001059689        0    23121   115606
    8     6 0.0001059689 0.0001059689        0    23121   115606
    8     7 0.0001059689 0.0001059689        0    23121   115606
    8     9 0.0046626298 0.0046626298        0    23121   115606
    8    10 0.0046626298 0.0046626298        0    23121   115606
    8    11 0.0046626298 0.0046626298        0    23121   115606
    8    12 0.0046626298 0.0046626298        0    23121   115606
    8    13 0.0046626298 0.0046626298        0    23121   115606
    8    14 0.0046626298 0.0046626298        0    23121   115606
    8    15 0.0046626298 0.0046626298        0    23121   115606
    8    16 0.0001059689 0.0001059689        0    23121   115606
    8    17 0.0001059689 0.0001059689        0    23121   115606
    8    18 0.0001059689 0.0001059689        0    23121   115606
    8    19 0.0001059689 0.0001059689        0    23121   115606
    8    20 0.0001059689 0.0001059689        0    23121   115606
    8    21 0.0001059689 0.0001059689        0    23121   115606
    8    22 0.0001059689 0.0001059689        0    23121   115606
    8    23 0.0001059689 0.0001059689        0    23121   115606
    9     1 0.0135640138 0.0135640138        0    23121   115606
   10     2 0.0135640138 0.0135640138        0    23121   115606
   11     3 0.0135640138 0.0135640138        0    23121   115606
   12     4 0.0135640138 0.0135640138        0    23121   115606
   13     5 0.0135640138 0.0135640138        0    23121   115606
   14     6 0.0135640138 0.0135640138        0    23121   115606
   15     7 0.0135640138 0.0135640138        0    23121   115606
   16     0 0.0135640138 0.0135640138        0    23121   115606
   16     8 0.0001059689 0.0001059689        0    23121   115606
   16     9 0.0001059689 0.0001059689        0    23121   115606
   16    10 0.0001059689 0.0001059689        0    23121   115606
   16    11 0.0001059689 0.0001059689        0    23121   115606
   16    12 0.0001059689 0.0001059689        0    23121   115606
   16    13 0.0001059689 0.0001059689        0    23121   115606
   16    14 0.0001059689 0.0001059689        0    23121   115606
   16    15 0.0001059689 0.0001059689        0    23121   115606
   16    17 0.0045566609 0.0045566609        0    23121   115606
   16    18 0.0045566609 0.0045566609        0    23121   115606
   16    19 0.0045566609 0.0045566609        0    23121   115606
   16    20 0.0045566609 0.0045566609        0    23121   115606
   16    21 0.0045566609 0.0045566609        0    23121   115606
   16    22 0.0045566609 0.0045566609        0    23121   115606
   16    23 0.0045566609 0.0045566609        0    23121   115606
   17     1 0.0135640138 0.0135640138        0    23121   115606
   18     2 0.0135640138 0.0135640138        0    23121   115606
   19     3 0.0135640138 0.0135640138        0    23121   115606
   20     4 0.0135640138 0.0135640138        0    23121   115606
   21     5 0.0135640138 0.0135640138        0    23121   115606
   22     6 0.0135640138 0.0135640138        0    23121   115606
   23     7 0.0135640138 0.0135640138        0    23121   115606
   24    64 0.0016954651 0.0016954651    23121    69363   115606
   24    65 0.0016954651 0.0016954651    23121    69363   115606
   24    66 0.0016954651 0.0016954651    23121    69363   115606
   24    67 0.0016954651 0.0016954651    23121    69363   115606
   24    68 0.0016954651 0.0016954651    23121    69363   115606
   24    69 0.0016954651 0.0016954651    23121    69363   115606
   24    70 0.0016954651 0.0016954651    23121    69363   115606
   24    71 0.0016954651 0.0016954651    23121    69363   115606
   25    64 0.0010596657 0.0010596657    23121    69363   115606
   25    65 0.0010596657 0.0010596657    23121    69363   115606
   25    66 0.0010596657 0.0010596657    23121    69363   115606
   25    67 0.0010596657 0.0010596657    23121    69363   115606
   25    68 0.0010596657 0.0010596657    23121    69363   115606
   25    69 0.0010596657 0.0010596657    23121    69363   115606
   25    70 0.0010596657 0.0010596657    23121    69363   115606
   25    71 0.0010596657 0.0010596657    23121    69363   115606
   25    72 0.0006887827 0.0006887827    23121    69363   115606
   25    73 0.0006887827 0.0006887827    23121    69363   115606
   25    74 0.0006887827 0.0006887827    23121    69363   115606
   25    75 0.0006887827 0.0006887827    23121    69363   115606
   25    76 0.0006887827 0.0006887827    23121    69363   115606
   25    77 0.0006887827 0.0006887827    23121    69363   115606
   25    78 0.0006887827 0.0006887827    23121    69363   115606
   25    79 0.0006887827 0.0006887827    23121    69363   115606
   26    72 0.0016954651 0.0016954651    23121    69363   115606
   26    73 0.0016954651 0.0016954651    23121    69363   115606
   26    74 0.0016954651 0.0016954651    23121    69363   115606
   26    75 0.0016954651 0.0016954651    23121    69363   115606
   26    76 0.0016954651 0.0016954651    23121    69363   115606
   26    77 0.0016954651 0.0016954651    23121    69363   115606
   26    78 0.0016954651 0.0016954651    23121    69363   115606
   26    79 0.0016954651 0.0016954651    23121    69363   115606
   27    72 0.0003708830 0.0003708830    23121    69363   115606
   27    73 0.0003708830 0.0003708830    23121    69363   115606
   27    74 0.0003708830 0.0003708830    23121    69363   115606
   27    75 0.0003708830 0.0003708830    23121    69363   115606
   27    76 0.0003708830 0.0003708830    23121    69363   115606
   27    77 0.0003708830 0.0003708830    23121    69363   115606
   27    78 0.0003708830 0.0003708830    23121    69363   115606
   27    79 0.0003708830 0.0003708830    23121    69363   115606
   27    80 0.0013775654 0.0013775654    23121    69363   115606
   27    81 0.0013775654 0.0013775654    23121    69363   115606
   27    82 0.0013775654 0.0013775654    23121    69363   115606
   27    83 0.0013775654 0.0013775654    23121    69363   115606
   27    84 0.0013775654 0.0013775654    23121    69363   115606
   27    85 0.0013775654 0.0013775654    23121    69363   115606
   27    86 0.0013775654 0.0013775654    23121    69363   115606
   27    87 0.0013775654 0.0013775654    23121    69363   115606
   28    80 0.0013775654 0.0013775654    23121    69363   115606
   28    81 0.0013775654 0.0013775654    23121    69363   115606
   28    82 0.0013775654 0.0013775654    23121    69363   115606
   28    83 0.0013775654 0.0013775654    23121    69363   115606
   28    84 0.0013775654 0.0013775654    23121    69363   115606
   28    85 0.0013775654 0.0013775654    23121    69363   115606
   28    86 0.0013775654 0.0013775654    23121    69363   115606
   28    87 0.0013775654 0.0013775654    23121    69363   115606
   28    88 0.0003708830 0.0003708830    23121    69363   115606
   28    89 0.0003708830 0.0003708830    23121    69363   115606
   28    90 0.0003708830 0.0003708830    23121    69363   115606
   28    91 0.0003708830 0.0003708830    23121    69363   115606
   28    92 0.0003708830 0.0003708830    23121    69363   115606
   28    93 0.0003708830 0.0003708830    23121    69363   115606
   28    94 0.0003708830 0.0003708830    23121    69363   115606
   28    95 0.0003708830 0.0003708830    23121    69363   115606
   29    88 0.0016954651 0.0016954651    23121    69363   115606
   29    89 0.0016954651 0.0016954651    23121    69363   115606
   29    90 0.0016954651 0.0016954651    23121    69363   115606
   29    91 0.0016954651 0.0016954651    23121    69363   115606
   29    92 0.0016954651 0.0016954651    23121    69363   115606
   29    93 0.0016954651 0.0016954651    23121    69363   115606
   29    94 0.0016954651 0.0016954651    23121    69363   115606
   29    95 0.0016954651 0.0016954651    23121    69363   115606
   30    88 0.0006887827 0.0006887827    23121    69363   115606
   30    89 0.0006887827 0.0006887827    23121    69363   115606
   30    90 0.0006887827 0.0006887827    23121    69363   115606
   30    91 0.0006887827 0.0006887827    23121    69363   115606
   30    92 0.0006887827 0.0006887827    23121    69363   115606
   30    93 0.0006887827 0.0006887827    23121    69363   115606
   30    94 0.0006887827 0.0006887827    23121    69363   115606
   30    95 0.0006887827 0.0006887827    23121    69363   115606
   30    96 0.0010596657 0.0010596657    23121    69363   115606
   30    97 0.0010596657 0.0010596657    23121    69363   115606
   30    98 0.0010596657 0.0010596657    23121    69363   115606
   30    99 0.0010596657 0.0010596657    23121    69363   115606
   30   100 0.0010596657 0.0010596657    23121    69363   115606
   30   101 0.0010596657 0.0010596657    23121    69363   115606
   30   102 0.0010596657 0.0010596657    23121    69363   115606
   30   103 0.0010596657 0.0010596657    23121    69363   115606
   31    96 0.0016954651 0.0016954651    23121    69363   115606
   31    97 0.0016954651 0.0016954651    23121    69363   115606
   31    98 0.0016954651 0.0016954651    23121    69363   115606
   31    99 0.0016954651 0.0016954651    23121    69363   115606
   31   100 0.0016954651 0.0016954651    23121    69363   115606
   31   101 0.0016954651 0.0016954651    23121    69363   115606
   31   102 0.0016954651 0.0016954651    23121    69363   115606
   31   103 0.0016954651 0.0016954651    23121    69363   115606
   32    24 0.0067818603 0.0067818603    23121    69363   115606
   33    25 0.0067818603 0.0067818603    23121    69363   115606
   34    26 0.0067818603 0.0067818603    23121    69363   115606
   35    27 0.0067818603 0.0067818603    23121    69363   115606
   36    28 0.0067818603 0.0067818603    23121    69363   115606
   37    29 0.0067818603 0.0067818603    23121    69363   115606
   38    30 0.0067818603 0.0067818603    23121    69363   115606
   39    31 0.0067818603 0.0067818603    23121    69363   115606
   40    24 0.0067818603 0.0067818603    23121    69363   115606
   41    25 0.0067818603 0.0067818603    23121    69363   115606
   42    26 0.0067818603 0.0067818603    23121    69363   115606
   43    27 0.0067818603 0.0067818603    23121    69363   115606
   44    28 0.0067818603 0.0067818603    23121    69363   115606
   45    29 0.0067818603 0.0067818603    23121    69363   115606
   46    30 0.0067818603 0.0067818603    23121    69363   115606
   47    31 0.0067818603 0.0067818603    23121    69363   115606
   48    24 0.0067818603 0.0067818603    23121    69363   115606
   49    25 0.0067818603 0.0067818603    23121    69363   115606
   50    26 0.0067818603 0.0067818603    23121    69363   115606
   51    27 0.0067818603 0.0067818603    23121    69363   115606
   52    28 0.0067818603 0.0067818603    23121    69363   115606
   53    29 0.0067818603 0.0067818603    23121    69363   115606
   54    30 0.0067818603 0.0067818603    23121    69363   115606
   55    31 0.0067818603 0.0067818603    23121    69363   115606
   56    24 0.0067818603 0.0067818603    23121    69363   115606
   57    25 0.0067818603 0.0067818603    23121    69363   115606
   58    26 0.0067818603 0.0067818603    23121    69363   115606
   59    27 0.0067818603 0.0067818603    23121    69363   115606
   60    28 0.0067818603 0.0067818603    23121    69363   115606
   61    29 0.0067818603 0.0067818603    23121    69363   115606
   62    30 0.0067818603 0.0067818603    23121    69363   115606
   63    31 0.0067818603 0.0067818603    23121    69363   115606
   72    64 0.0067818603 0.0067818603    69363   115605   115606
   73    65 0.0067818603 0.0067818603    69363   115605   115606
   74    66 0.0067818603 0.0067818603    69363   115605   115606
   75    67 0.0067818603 0.0067818603    69363   115605   115606
   76    68 0.0067818603 0.0067818603    69363   115605   115606
   77    69 0.0067818603 0.0067818603    69363   115605   115606
   78    70 0.0067818603 0.0067818603    69363   115605   115606
   79    71 0.0067818603 0.0067818603    69363   115605   115606
   80    64 0.0067818603 0.0067818603    69363   115605   115606
   81    65 0.0067818603 0.0067818603    69363   115605   115606
   82    66 0.0067818603 0.0067818603    69363   115605   115606
   83    67 0.0067818603 0.0067818603    69363   115605   115606
   84    68 0.0067818603 0.0067818603    69363   115605   115606
   85    69 0.0067818603 0.0067818603    69363   115605   115606
   86    70 0.0067818603 0.0067818603    69363   115605   115606
   87    71 0.0067818603 0.0067818603    69363   115605   115606
   88    64 0.0067818603 0.0067818603    69363   115605   115606
   89    65 0.0067818603 0.0067818603    69363   115605   115606
   90    66 0.0067818603 0.0067818603    69363   115605   115606
   91    67 0.0067818603 0.0067818603    69363   115605   115606
   92    68 0.0067818603 0.0067818603    69363   115605   115606
   93    69 0.0067818603 0.0067818603    69363   115605   115606
   94    70 0.0067818603 0.0067818603    69363   115605   115606
   95    71 0.0067818603 0.0067818603    69363   115605   115606
   96    64 0.0067818603 0.0067818603    69363   115605   115606
   97    65 0.0067818603 0.0067818603    69363   115605   115606
   98    66 0.0067818603 0.0067818603    69363   115605   115606
   99    67 0.0067818603 0.0067818603    69363   115605   115606
  100    68 0.0067818603 0.0067818603    69363   115605   115606
  101    69 0.0067818603 0.0067818603    69363   115605   115606
  102    70 0.0067818603 0.0067818603    69363   115605   115606
  103    71 0.0067818603 0.0067818603    69363   115605   115606
