% vgg16_block3  crossbar 128x128  mesh 6x6x3 (108 nodes)
% generated by stage2_core.py -- see STAGE2.md
% run with:  -size 16 16 -dimx 6 -dimy 6 -dimz 3 -traffic table traffics_dnn_packing/vgg16_block3_xb128_6x6x3_c16r2s8.txt
% sweep with: WARMUP_DP_CYCLES=3 SIM_DP_CYCLES=80  (DP_CYCLE=648, SIM=51840, 0.4 block passes measured)
% LOAD_SCALE=0.05  CYCLES_PER_MAC=2.5e-05  t_period=115606
% phases:  conv5=[0,23121)  conv6=[23121,69363)  conv7=[69363,115605)
% src dst pir por t_on t_off t_period
    0     1 0.0027551903 0.0027551903        0    23121   115606
    0     2 0.0001059689 0.0001059689        0    23121   115606
    0     3 0.0001059689 0.0001059689        0    23121   115606
    0    10 0.0030730969 0.0030730969        0    23121   115606
    0    11 0.0030730969 0.0030730969        0    23121   115606
    0    12 0.0030730969 0.0030730969        0    23121   115606
    0    13 0.0030730969 0.0030730969        0    23121   115606
    0    14 0.0031790657 0.0031790657        0    23121   115606
    0    15 0.0031790657 0.0031790657        0    23121   115606
    0    16 0.0030730969 0.0030730969        0    23121   115606
    0    17 0.0030730969 0.0030730969        0    23121   115606
    0    18 0.0015895329 0.0015895329        0    23121   115606
    0    19 0.0015895329 0.0015895329        0    23121   115606
    1    18 0.0015895329 0.0015895329        0    23121   115606
    1    19 0.0015895329 0.0015895329        0    23121   115606
    1    20 0.0030730969 0.0030730969        0    23121   115606
    1    21 0.0030730969 0.0030730969        0    23121   115606
    1    22 0.0031790657 0.0031790657        0    23121   115606
    1    23 0.0031790657 0.0031790657        0    23121   115606
    1    24 0.0030730969 0.0030730969        0    23121   115606
    1    25 0.0030730969 0.0030730969        0    23121   115606
    1    26 0.0030730969 0.0030730969        0    23121   115606
    1    27 0.0030730969 0.0030730969        0    23121   115606
    2     0 0.0543620242 0.0543620242        0    23121   115606
    2     1 0.0001059689 0.0001059689        0    23121   115606
    2     3 0.0028611592 0.0028611592        0    23121   115606
    2     4 0.0001059689 0.0001059689        0    23121   115606
    2     5 0.0001059689 0.0001059689        0    23121   115606
    3     1 0.0542560554 0.0542560554        0    23121   115606
    4     0 0.0542560554 0.0542560554        0    23121   115606
    4     2 0.0001059689 0.0001059689        0    23121   115606
    4     3 0.0001059689 0.0001059689        0    23121   115606
    4     5 0.0027551903 0.0027551903        0    23121   115606
    5     1 0.0542560554 0.0542560554        0    23121   115606
    6     0 0.0542560554 0.0542560554        0    23121   115606
    6     7 0.0027551903 0.0027551903        0    23121   115606
    6     8 0.0001059689 0.0001059689        0    23121   115606
    6     9 0.0001059689 0.0001059689        0    23121   115606
    7     1 0.0542560554 0.0542560554        0    23121   115606
    8     0 0.0542560554 0.0542560554        0    23121   115606
    8     6 0.0001059689 0.0001059689        0    23121   115606
    8     7 0.0001059689 0.0001059689        0    23121   115606
    8     9 0.0027551903 0.0027551903        0    23121   115606
    9     1 0.0542560554 0.0542560554        0    23121   115606
   10    28 0.0015365152 0.0015365152    23121    69363   115606
   10    29 0.0015365152 0.0015365152    23121    69363   115606
   10    30 0.0015365152 0.0015365152    23121    69363   115606
   10    31 0.0015365152 0.0015365152    23121    69363   115606
   10    32 0.0015894985 0.0015894985    23121    69363   115606
   10    33 0.0015894985 0.0015894985    23121    69363   115606
   10    34 0.0015365152 0.0015365152    23121    69363   115606
   10    35 0.0015365152 0.0015365152    23121    69363   115606
   10    36 0.0007947492 0.0007947492    23121    69363   115606
   10    37 0.0007947492 0.0007947492    23121    69363   115606
   11    36 0.0007947492 0.0007947492    23121    69363   115606
   11    37 0.0007947492 0.0007947492    23121    69363   115606
   11    38 0.0015365152 0.0015365152    23121    69363   115606
   11    39 0.0015365152 0.0015365152    23121    69363   115606
   11    40 0.0015894985 0.0015894985    23121    69363   115606
   11    41 0.0015894985 0.0015894985    23121    69363   115606
   11    42 0.0015365152 0.0015365152    23121    69363   115606
   11    43 0.0015365152 0.0015365152    23121    69363   115606
   11    44 0.0015365152 0.0015365152    23121    69363   115606
   11    45 0.0015365152 0.0015365152    23121    69363   115606
   12    10 0.0271274410 0.0271274410    23121    69363   115606
   13    11 0.0271274410 0.0271274410    23121    69363   115606
   14    10 0.0271274410 0.0271274410    23121    69363   115606
   15    11 0.0271274410 0.0271274410    23121    69363   115606
   16    10 0.0271274410 0.0271274410    23121    69363   115606
   17    11 0.0271274410 0.0271274410    23121    69363   115606
   18    10 0.0271274410 0.0271274410    23121    69363   115606
   19    11 0.0271274410 0.0271274410    23121    69363   115606
   20    10 0.0271274410 0.0271274410    23121    69363   115606
   21    11 0.0271274410 0.0271274410    23121    69363   115606
   22    10 0.0271274410 0.0271274410    23121    69363   115606
   23    11 0.0271274410 0.0271274410    23121    69363   115606
   24    10 0.0271274410 0.0271274410    23121    69363   115606
   25    11 0.0271274410 0.0271274410    23121    69363   115606
   26    10 0.0271274410 0.0271274410    23121    69363   115606
   27    11 0.0271274410 0.0271274410    23121    69363   115606
   30    28 0.0271274410 0.0271274410    69363   115605   115606
   31    29 0.0271274410 0.0271274410    69363   115605   115606
   32    28 0.0271274410 0.0271274410    69363   115605   115606
   33    29 0.0271274410 0.0271274410    69363   115605   115606
   34    28 0.0271274410 0.0271274410    69363   115605   115606
   35    29 0.0271274410 0.0271274410    69363   115605   115606
   36    28 0.0271274410 0.0271274410    69363   115605   115606
   37    29 0.0271274410 0.0271274410    69363   115605   115606
   38    28 0.0271274410 0.0271274410    69363   115605   115606
   39    29 0.0271274410 0.0271274410    69363   115605   115606
   40    28 0.0271274410 0.0271274410    69363   115605   115606
   41    29 0.0271274410 0.0271274410    69363   115605   115606
   42    28 0.0271274410 0.0271274410    69363   115605   115606
   43    29 0.0271274410 0.0271274410    69363   115605   115606
   44    28 0.0271274410 0.0271274410    69363   115605   115606
   45    29 0.0271274410 0.0271274410    69363   115605   115606
