% vgg16_block3  crossbar 128x128  mesh 6x6x3 (108 nodes)
% generated by stage2_core.py -- see STAGE2.md
% run with:  -size 16 16 -dimx 6 -dimy 6 -dimz 3 -traffic table traffics_dnn_packing/vgg16_block3_xb128_6x6x3_c8r2s4.txt
% sweep with: WARMUP_DP_CYCLES=3 SIM_DP_CYCLES=80  (DP_CYCLE=648, SIM=51840, 0.4 block passes measured)
% LOAD_SCALE=0.05  CYCLES_PER_MAC=2.5e-05  t_period=115606
% phases:  conv5=[0,23121)  conv6=[23121,69363)  conv7=[69363,115605)
% src dst pir por t_on t_off t_period
    0     1 0.0027551903 0.0027551903        0    23121   115606
    0     2 0.0027551903 0.0027551903        0    23121   115606
    0     3 0.0027551903 0.0027551903        0    23121   115606
    0     4 0.0001059689 0.0001059689        0    23121   115606
    0     5 0.0001059689 0.0001059689        0    23121   115606
    0     6 0.0001059689 0.0001059689        0    23121   115606
    0     7 0.0001059689 0.0001059689        0    23121   115606
    0    20 0.0030730969 0.0030730969        0    23121   115606
    0    21 0.0030730969 0.0030730969        0    23121   115606
    0    22 0.0030730969 0.0030730969        0    23121   115606
    0    23 0.0030730969 0.0030730969        0    23121   115606
    0    24 0.0030730969 0.0030730969        0    23121   115606
    0    25 0.0030730969 0.0030730969        0    23121   115606
    0    26 0.0030730969 0.0030730969        0    23121   115606
    0    27 0.0030730969 0.0030730969        0    23121   115606
    0    28 0.0008477509 0.0008477509        0    23121   115606
    0    29 0.0008477509 0.0008477509        0    23121   115606
    0    30 0.0008477509 0.0008477509        0    23121   115606
    0    31 0.0008477509 0.0008477509        0    23121   115606
    1    28 0.0023313149 0.0023313149        0    23121   115606
    1    29 0.0023313149 0.0023313149        0    23121   115606
    1    30 0.0023313149 0.0023313149        0    23121   115606
    1    31 0.0023313149 0.0023313149        0    23121   115606
    1    32 0.0030730969 0.0030730969        0    23121   115606
    1    33 0.0030730969 0.0030730969        0    23121   115606
    1    34 0.0030730969 0.0030730969        0    23121   115606
    1    35 0.0030730969 0.0030730969        0    23121   115606
    1    36 0.0015895329 0.0015895329        0    23121   115606
    1    37 0.0015895329 0.0015895329        0    23121   115606
    1    38 0.0015895329 0.0015895329        0    23121   115606
    1    39 0.0015895329 0.0015895329        0    23121   115606
    2    36 0.0015895329 0.0015895329        0    23121   115606
    2    37 0.0015895329 0.0015895329        0    23121   115606
    2    38 0.0015895329 0.0015895329        0    23121   115606
    2    39 0.0015895329 0.0015895329        0    23121   115606
    2    40 0.0030730969 0.0030730969        0    23121   115606
    2    41 0.0030730969 0.0030730969        0    23121   115606
    2    42 0.0030730969 0.0030730969        0    23121   115606
    2    43 0.0030730969 0.0030730969        0    23121   115606
    2    44 0.0023313149 0.0023313149        0    23121   115606
    2    45 0.0023313149 0.0023313149        0    23121   115606
    2    46 0.0023313149 0.0023313149        0    23121   115606
    2    47 0.0023313149 0.0023313149        0    23121   115606
    3    44 0.0008477509 0.0008477509        0    23121   115606
    3    45 0.0008477509 0.0008477509        0    23121   115606
    3    46 0.0008477509 0.0008477509        0    23121   115606
    3    47 0.0008477509 0.0008477509        0    23121   115606
    3    48 0.0030730969 0.0030730969        0    23121   115606
    3    49 0.0030730969 0.0030730969        0    23121   115606
    3    50 0.0030730969 0.0030730969        0    23121   115606
    3    51 0.0030730969 0.0030730969        0    23121   115606
    3    52 0.0030730969 0.0030730969        0    23121   115606
    3    53 0.0030730969 0.0030730969        0    23121   115606
    3    54 0.0030730969 0.0030730969        0    23121   115606
    3    55 0.0030730969 0.0030730969        0    23121   115606
    4     0 0.0272339965 0.0272339965        0    23121   115606
    4     1 0.0001059689 0.0001059689        0    23121   115606
    4     2 0.0001059689 0.0001059689        0    23121   115606
    4     3 0.0001059689 0.0001059689        0    23121   115606
    4     5 0.0028611592 0.0028611592        0    23121   115606
    4     6 0.0028611592 0.0028611592        0    23121   115606
    4     7 0.0028611592 0.0028611592        0    23121   115606
    4     8 0.0001059689 0.0001059689        0    23121   115606
    4     9 0.0001059689 0.0001059689        0    23121   115606
    4    10 0.0001059689 0.0001059689        0    23121   115606
    4    11 0.0001059689 0.0001059689        0    23121   115606
    5     1 0.0271280277 0.0271280277        0    23121   115606
    6     2 0.0271280277 0.0271280277        0    23121   115606
    7     3 0.0271280277 0.0271280277        0    23121   115606
    8     0 0.0271280277 0.0271280277        0    23121   115606
    8     4 0.0001059689 0.0001059689        0    23121   115606
    8     5 0.0001059689 0.0001059689        0    23121   115606
    8     6 0.0001059689 0.0001059689        0    23121   115606
    8     7 0.0001059689 0.0001059689        0    23121   115606
    8     9 0.0027551903 0.0027551903        0    23121   115606
    8    10 0.0027551903 0.0027551903        0    23121   115606
    8    11 0.0027551903 0.0027551903        0    23121   115606
    9     1 0.0271280277 0.0271280277        0    23121   115606
   10     2 0.0271280277 0.0271280277        0    23121   115606
   11     3 0.0271280277 0.0271280277        0    23121   115606
   12     0 0.0271280277 0.0271280277        0    23121   115606
   12    13 0.0027551903 0.0027551903        0    23121   115606
   12    14 0.0027551903 0.0027551903        0    23121   115606
   12    15 0.0027551903 0.0027551903        0    23121   115606
   12    16 0.0001059689 0.0001059689        0    23121   115606
   12    17 0.0001059689 0.0001059689        0    23121   115606
   12    18 0.0001059689 0.0001059689        0    23121   115606
   12    19 0.0001059689 0.0001059689        0    23121   115606
   13     1 0.0271280277 0.0271280277        0    23121   115606
   14     2 0.0271280277 0.0271280277        0    23121   115606
   15     3 0.0271280277 0.0271280277        0    23121   115606
   16     0 0.0271280277 0.0271280277        0    23121   115606
   16    12 0.0001059689 0.0001059689        0    23121   115606
   16    13 0.0001059689 0.0001059689        0    23121   115606
   16    14 0.0001059689 0.0001059689        0    23121   115606
   16    15 0.0001059689 0.0001059689        0    23121   115606
   16    17 0.0027551903 0.0027551903        0    23121   115606
   16    18 0.0027551903 0.0027551903        0    23121   115606
   16    19 0.0027551903 0.0027551903        0    23121   115606
   17     1 0.0271280277 0.0271280277        0    23121   115606
   18     2 0.0271280277 0.0271280277        0    23121   115606
   19     3 0.0271280277 0.0271280277        0    23121   115606
   20    56 0.0015365152 0.0015365152    23121    69363   115606
   20    57 0.0015365152 0.0015365152    23121    69363   115606
   20    58 0.0015365152 0.0015365152    23121    69363   115606
   20    59 0.0015365152 0.0015365152    23121    69363   115606
   20    60 0.0015365152 0.0015365152    23121    69363   115606
   20    61 0.0015365152 0.0015365152    23121    69363   115606
   20    62 0.0015365152 0.0015365152    23121    69363   115606
   20    63 0.0015365152 0.0015365152    23121    69363   115606
   20    64 0.0004238663 0.0004238663    23121    69363   115606
   20    65 0.0004238663 0.0004238663    23121    69363   115606
   20    66 0.0004238663 0.0004238663    23121    69363   115606
   20    67 0.0004238663 0.0004238663    23121    69363   115606
   21    64 0.0011656322 0.0011656322    23121    69363   115606
   21    65 0.0011656322 0.0011656322    23121    69363   115606
   21    66 0.0011656322 0.0011656322    23121    69363   115606
   21    67 0.0011656322 0.0011656322    23121    69363   115606
   21    68 0.0015365152 0.0015365152    23121    69363   115606
   21    69 0.0015365152 0.0015365152    23121    69363   115606
   21    70 0.0015365152 0.0015365152    23121    69363   115606
   21    71 0.0015365152 0.0015365152    23121    69363   115606
   21    72 0.0007947492 0.0007947492    23121    69363   115606
   21    73 0.0007947492 0.0007947492    23121    69363   115606
   21    74 0.0007947492 0.0007947492    23121    69363   115606
   21    75 0.0007947492 0.0007947492    23121    69363   115606
   22    72 0.0007947492 0.0007947492    23121    69363   115606
   22    73 0.0007947492 0.0007947492    23121    69363   115606
   22    74 0.0007947492 0.0007947492    23121    69363   115606
   22    75 0.0007947492 0.0007947492    23121    69363   115606
   22    76 0.0015365152 0.0015365152    23121    69363   115606
   22    77 0.0015365152 0.0015365152    23121    69363   115606
   22    78 0.0015365152 0.0015365152    23121    69363   115606
   22    79 0.0015365152 0.0015365152    23121    69363   115606
   22    80 0.0011656322 0.0011656322    23121    69363   115606
   22    81 0.0011656322 0.0011656322    23121    69363   115606
   22    82 0.0011656322 0.0011656322    23121    69363   115606
   22    83 0.0011656322 0.0011656322    23121    69363   115606
   23    80 0.0004238663 0.0004238663    23121    69363   115606
   23    81 0.0004238663 0.0004238663    23121    69363   115606
   23    82 0.0004238663 0.0004238663    23121    69363   115606
   23    83 0.0004238663 0.0004238663    23121    69363   115606
   23    84 0.0015365152 0.0015365152    23121    69363   115606
   23    85 0.0015365152 0.0015365152    23121    69363   115606
   23    86 0.0015365152 0.0015365152    23121    69363   115606
   23    87 0.0015365152 0.0015365152    23121    69363   115606
   23    88 0.0015365152 0.0015365152    23121    69363   115606
   23    89 0.0015365152 0.0015365152    23121    69363   115606
   23    90 0.0015365152 0.0015365152    23121    69363   115606
   23    91 0.0015365152 0.0015365152    23121    69363   115606
   24    20 0.0135637205 0.0135637205    23121    69363   115606
   25    21 0.0135637205 0.0135637205    23121    69363   115606
   26    22 0.0135637205 0.0135637205    23121    69363   115606
   27    23 0.0135637205 0.0135637205    23121    69363   115606
   28    20 0.0135637205 0.0135637205    23121    69363   115606
   29    21 0.0135637205 0.0135637205    23121    69363   115606
   30    22 0.0135637205 0.0135637205    23121    69363   115606
   31    23 0.0135637205 0.0135637205    23121    69363   115606
   32    20 0.0135637205 0.0135637205    23121    69363   115606
   33    21 0.0135637205 0.0135637205    23121    69363   115606
   34    22 0.0135637205 0.0135637205    23121    69363   115606
   35    23 0.0135637205 0.0135637205    23121    69363   115606
   36    20 0.0135637205 0.0135637205    23121    69363   115606
   37    21 0.0135637205 0.0135637205    23121    69363   115606
   38    22 0.0135637205 0.0135637205    23121    69363   115606
   39    23 0.0135637205 0.0135637205    23121    69363   115606
   40    20 0.0135637205 0.0135637205    23121    69363   115606
   41    21 0.0135637205 0.0135637205    23121    69363   115606
   42    22 0.0135637205 0.0135637205    23121    69363   115606
   43    23 0.0135637205 0.0135637205    23121    69363   115606
   44    20 0.0135637205 0.0135637205    23121    69363   115606
   45    21 0.0135637205 0.0135637205    23121    69363   115606
   46    22 0.0135637205 0.0135637205    23121    69363   115606
   47    23 0.0135637205 0.0135637205    23121    69363   115606
   48    20 0.0135637205 0.0135637205    23121    69363   115606
   49    21 0.0135637205 0.0135637205    23121    69363   115606
   50    22 0.0135637205 0.0135637205    23121    69363   115606
   51    23 0.0135637205 0.0135637205    23121    69363   115606
   52    20 0.0135637205 0.0135637205    23121    69363   115606
   53    21 0.0135637205 0.0135637205    23121    69363   115606
   54    22 0.0135637205 0.0135637205    23121    69363   115606
   55    23 0.0135637205 0.0135637205    23121    69363   115606
   60    56 0.0135637205 0.0135637205    69363   115605   115606
   61    57 0.0135637205 0.0135637205    69363   115605   115606
   62    58 0.0135637205 0.0135637205    69363   115605   115606
   63    59 0.0135637205 0.0135637205    69363   115605   115606
   64    56 0.0135637205 0.0135637205    69363   115605   115606
   65    57 0.0135637205 0.0135637205    69363   115605   115606
   66    58 0.0135637205 0.0135637205    69363   115605   115606
   67    59 0.0135637205 0.0135637205    69363   115605   115606
   68    56 0.0135637205 0.0135637205    69363   115605   115606
   69    57 0.0135637205 0.0135637205    69363   115605   115606
   70    58 0.0135637205 0.0135637205    69363   115605   115606
   71    59 0.0135637205 0.0135637205    69363   115605   115606
   72    56 0.0135637205 0.0135637205    69363   115605   115606
   73    57 0.0135637205 0.0135637205    69363   115605   115606
   74    58 0.0135637205 0.0135637205    69363   115605   115606
   75    59 0.0135637205 0.0135637205    69363   115605   115606
   76    56 0.0135637205 0.0135637205    69363   115605   115606
   77    57 0.0135637205 0.0135637205    69363   115605   115606
   78    58 0.0135637205 0.0135637205    69363   115605   115606
   79    59 0.0135637205 0.0135637205    69363   115605   115606
   80    56 0.0135637205 0.0135637205    69363   115605   115606
   81    57 0.0135637205 0.0135637205    69363   115605   115606
   82    58 0.0135637205 0.0135637205    69363   115605   115606
   83    59 0.0135637205 0.0135637205    69363   115605   115606
   84    56 0.0135637205 0.0135637205    69363   115605   115606
   85    57 0.0135637205 0.0135637205    69363   115605   115606
   86    58 0.0135637205 0.0135637205    69363   115605   115606
   87    59 0.0135637205 0.0135637205    69363   115605   115606
   88    56 0.0135637205 0.0135637205    69363   115605   115606
   89    57 0.0135637205 0.0135637205    69363   115605   115606
   90    58 0.0135637205 0.0135637205    69363   115605   115606
   91    59 0.0135637205 0.0135637205    69363   115605   115606
