% vgg16_block3  crossbar 128x128  mesh 6x6x3 (108 nodes)
% generated by stage2_core.py -- see STAGE2.md
% run with:  -size 16 16 -dimx 6 -dimy 6 -dimz 3 -traffic table traffics_dnn_packing/vgg16_block3_xb128_6x6x3_c16r4s4.txt
% sweep with: WARMUP_DP_CYCLES=3 SIM_DP_CYCLES=80  (DP_CYCLE=648, SIM=51840, 0.4 block passes measured)
% LOAD_SCALE=0.05  CYCLES_PER_MAC=2.5e-05  t_period=115606
% phases:  conv5=[0,23121)  conv6=[23121,69363)  conv7=[69363,115605)
% src dst pir por t_on t_off t_period
    0     1 0.0045566609 0.0045566609        0    23121   115606
    0     2 0.0045566609 0.0045566609        0    23121   115606
    0     3 0.0045566609 0.0045566609        0    23121   115606
    0     4 0.0001059689 0.0001059689        0    23121   115606
    0     5 0.0001059689 0.0001059689        0    23121   115606
    0     6 0.0001059689 0.0001059689        0    23121   115606
    0     7 0.0001059689 0.0001059689        0    23121   115606
    0    12 0.0055103806 0.0055103806        0    23121   115606
    0    13 0.0055103806 0.0055103806        0    23121   115606
    0    14 0.0055103806 0.0055103806        0    23121   115606
    0    15 0.0055103806 0.0055103806        0    23121   115606
    0    16 0.0013775952 0.0013775952        0    23121   115606
    0    17 0.0013775952 0.0013775952        0    23121   115606
    0    18 0.0013775952 0.0013775952        0    23121   115606
    0    19 0.0013775952 0.0013775952        0    23121   115606
    1    16 0.0041327855 0.0041327855        0    23121   115606
    1    17 0.0041327855 0.0041327855        0    23121   115606
    1    18 0.0041327855 0.0041327855        0    23121   115606
    1    19 0.0041327855 0.0041327855        0    23121   115606
    1    20 0.0027551903 0.0027551903        0    23121   115606
    1    21 0.0027551903 0.0027551903        0    23121   115606
    1    22 0.0027551903 0.0027551903        0    23121   115606
    1    23 0.0027551903 0.0027551903        0    23121   115606
    2    20 0.0027551903 0.0027551903        0    23121   115606
    2    21 0.0027551903 0.0027551903        0    23121   115606
    2    22 0.0027551903 0.0027551903        0    23121   115606
    2    23 0.0027551903 0.0027551903        0    23121   115606
    2    24 0.0041327855 0.0041327855        0    23121   115606
    2    25 0.0041327855 0.0041327855        0    23121   115606
    2    26 0.0041327855 0.0041327855        0    23121   115606
    2    27 0.0041327855 0.0041327855        0    23121   115606
    3    24 0.0013775952 0.0013775952        0    23121   115606
    3    25 0.0013775952 0.0013775952        0    23121   115606
    3    26 0.0013775952 0.0013775952        0    23121   115606
    3    27 0.0013775952 0.0013775952        0    23121   115606
    3    28 0.0055103806 0.0055103806        0    23121   115606
    3    29 0.0055103806 0.0055103806        0    23121   115606
    3    30 0.0055103806 0.0055103806        0    23121   115606
    3    31 0.0055103806 0.0055103806        0    23121   115606
    4     0 0.0272339965 0.0272339965        0    23121   115606
    4     1 0.0001059689 0.0001059689        0    23121   115606
    4     2 0.0001059689 0.0001059689        0    23121   115606
    4     3 0.0001059689 0.0001059689        0    23121   115606
    4     5 0.0046626298 0.0046626298        0    23121   115606
    4     6 0.0046626298 0.0046626298        0    23121   115606
    4     7 0.0046626298 0.0046626298        0    23121   115606
    4     8 0.0001059689 0.0001059689        0    23121   115606
    4     9 0.0001059689 0.0001059689        0    23121   115606
    4    10 0.0001059689 0.0001059689        0    23121   115606
    4    11 0.0001059689 0.0001059689        0    23121   115606
    5     1 0.0271280277 0.0271280277        0    23121   115606
    6     2 0.0271280277 0.0271280277        0    23121   115606
    7     3 0.0271280277 0.0271280277        0    23121   115606
    8     0 0.0271280277 0.0271280277        0    23121   115606
    8     4 0.0001059689 0.0001059689        0    23121   115606
    8     5 0.0001059689 0.0001059689        0    23121   115606
    8     6 0.0001059689 0.0001059689        0    23121   115606
    8     7 0.0001059689 0.0001059689        0    23121   115606
    8     9 0.0045566609 0.0045566609        0    23121   115606
    8    10 0.0045566609 0.0045566609        0    23121   115606
    8    11 0.0045566609 0.0045566609        0    23121   115606
    9     1 0.0271280277 0.0271280277        0    23121   115606
   10     2 0.0271280277 0.0271280277        0    23121   115606
   11     3 0.0271280277 0.0271280277        0    23121   115606
   12    32 0.0027551307 0.0027551307    23121    69363   115606
   12    33 0.0027551307 0.0027551307    23121    69363   115606
   12    34 0.0027551307 0.0027551307    23121    69363   115606
   12    35 0.0027551307 0.0027551307    23121    69363   115606
   12    36 0.0006887827 0.0006887827    23121    69363   115606
   12    37 0.0006887827 0.0006887827    23121    69363   115606
   12    38 0.0006887827 0.0006887827    23121    69363   115606
   12    39 0.0006887827 0.0006887827    23121    69363   115606
   13    36 0.0020663480 0.0020663480    23121    69363   115606
   13    37 0.0020663480 0.0020663480    23121    69363   115606
   13    38 0.0020663480 0.0020663480    23121    69363   115606
   13    39 0.0020663480 0.0020663480    23121    69363   115606
   13    40 0.0013775654 0.0013775654    23121    69363   115606
   13    41 0.0013775654 0.0013775654    23121    69363   115606
   13    42 0.0013775654 0.0013775654    23121    69363   115606
   13    43 0.0013775654 0.0013775654    23121    69363   115606
   14    40 0.0013775654 0.0013775654    23121    69363   115606
   14    41 0.0013775654 0.0013775654    23121    69363   115606
   14    42 0.0013775654 0.0013775654    23121    69363   115606
   14    43 0.0013775654 0.0013775654    23121    69363   115606
   14    44 0.0020663480 0.0020663480    23121    69363   115606
   14    45 0.0020663480 0.0020663480    23121    69363   115606
   14    46 0.0020663480 0.0020663480    23121    69363   115606
   14    47 0.0020663480 0.0020663480    23121    69363   115606
   15    44 0.0006887827 0.0006887827    23121    69363   115606
   15    45 0.0006887827 0.0006887827    23121    69363   115606
   15    46 0.0006887827 0.0006887827    23121    69363   115606
   15    47 0.0006887827 0.0006887827    23121    69363   115606
   15    48 0.0027551307 0.0027551307    23121    69363   115606
   15    49 0.0027551307 0.0027551307    23121    69363   115606
   15    50 0.0027551307 0.0027551307    23121    69363   115606
   15    51 0.0027551307 0.0027551307    23121    69363   115606
   16    12 0.0135637205 0.0135637205    23121    69363   115606
   17    13 0.0135637205 0.0135637205    23121    69363   115606
   18    14 0.0135637205 0.0135637205    23121    69363   115606
   19    15 0.0135637205 0.0135637205    23121    69363   115606
   20    12 0.0135637205 0.0135637205    23121    69363   115606
   21    13 0.0135637205 0.0135637205    23121    69363   115606
   22    14 0.0135637205 0.0135637205    23121    69363   115606
   23    15 0.0135637205 0.0135637205    23121    69363   115606
   24    12 0.0135637205 0.0135637205    23121    69363   115606
   25    13 0.0135637205 0.0135637205    23121    69363   115606
   26    14 0.0135637205 0.0135637205    23121    69363   115606
   27    15 0.0135637205 0.0135637205    23121    69363   115606
   28    12 0.0135637205 0.0135637205    23121    69363   115606
   29    13 0.0135637205 0.0135637205    23121    69363   115606
   30    14 0.0135637205 0.0135637205    23121    69363   115606
   31    15 0.0135637205 0.0135637205    23121    69363   115606
   36    32 0.0135637205 0.0135637205    69363   115605   115606
   37    33 0.0135637205 0.0135637205    69363   115605   115606
   38    34 0.0135637205 0.0135637205    69363   115605   115606
   39    35 0.0135637205 0.0135637205    69363   115605   115606
   40    32 0.0135637205 0.0135637205    69363   115605   115606
   41    33 0.0135637205 0.0135637205    69363   115605   115606
   42    34 0.0135637205 0.0135637205    69363   115605   115606
   43    35 0.0135637205 0.0135637205    69363   115605   115606
   44    32 0.0135637205 0.0135637205    69363   115605   115606
   45    33 0.0135637205 0.0135637205    69363   115605   115606
   46    34 0.0135637205 0.0135637205    69363   115605   115606
   47    35 0.0135637205 0.0135637205    69363   115605   115606
   48    32 0.0135637205 0.0135637205    69363   115605   115606
   49    33 0.0135637205 0.0135637205    69363   115605   115606
   50    34 0.0135637205 0.0135637205    69363   115605   115606
   51    35 0.0135637205 0.0135637205    69363   115605   115606
