% vgg16_block3  crossbar 128x128  mesh 6x6x3 (108 nodes)
% generated by stage2_core.py -- see STAGE2.md
% run with:  -size 16 16 -dimx 6 -dimy 6 -dimz 3 -traffic table traffics_dnn_packing/vgg16_block3_xb128_6x6x3_c16r16s1.txt
% sweep with: WARMUP_DP_CYCLES=3 SIM_DP_CYCLES=80  (DP_CYCLE=648, SIM=51840, 0.4 block passes measured)
% LOAD_SCALE=0.05  CYCLES_PER_MAC=2.5e-05  t_period=115606
% phases:  conv5=[0,23121)  conv6=[23121,69363)  conv7=[69363,115605)
% src dst pir por t_on t_off t_period
    0     1 0.0135640138 0.0135640138        0    23121   115606
    0     2 0.0135640138 0.0135640138        0    23121   115606
    0     3 0.0135640138 0.0135640138        0    23121   115606
    0     4 0.0135640138 0.0135640138        0    23121   115606
    0     5 0.0135640138 0.0135640138        0    23121   115606
    0     6 0.0135640138 0.0135640138        0    23121   115606
    0     7 0.0135640138 0.0135640138        0    23121   115606
    0     8 0.0135640138 0.0135640138        0    23121   115606
    0     9 0.0135640138 0.0135640138        0    23121   115606
    0    10 0.0135640138 0.0135640138        0    23121   115606
    0    11 0.0135640138 0.0135640138        0    23121   115606
    0    12 0.0135640138 0.0135640138        0    23121   115606
    0    13 0.0135640138 0.0135640138        0    23121   115606
    0    14 0.0135640138 0.0135640138        0    23121   115606
    0    15 0.0135640138 0.0135640138        0    23121   115606
    0    16 0.0016955017 0.0016955017        0    23121   115606
    0    17 0.0016955017 0.0016955017        0    23121   115606
    0    18 0.0016955017 0.0016955017        0    23121   115606
    0    19 0.0016955017 0.0016955017        0    23121   115606
    0    20 0.0016955017 0.0016955017        0    23121   115606
    0    21 0.0016955017 0.0016955017        0    23121   115606
    0    22 0.0016955017 0.0016955017        0    23121   115606
    0    23 0.0016955017 0.0016955017        0    23121   115606
    0    24 0.0016955017 0.0016955017        0    23121   115606
    0    25 0.0016955017 0.0016955017        0    23121   115606
    0    26 0.0016955017 0.0016955017        0    23121   115606
    0    27 0.0016955017 0.0016955017        0    23121   115606
    0    28 0.0016955017 0.0016955017        0    23121   115606
    0    29 0.0016955017 0.0016955017        0    23121   115606
    0    30 0.0016955017 0.0016955017        0    23121   115606
    0    31 0.0016955017 0.0016955017        0    23121   115606
    1    16 0.0016955017 0.0016955017        0    23121   115606
    1    17 0.0016955017 0.0016955017        0    23121   115606
    1    18 0.0016955017 0.0016955017        0    23121   115606
    1    19 0.0016955017 0.0016955017        0    23121   115606
    1    20 0.0016955017 0.0016955017        0    23121   115606
    1    21 0.0016955017 0.0016955017        0    23121   115606
    1    22 0.0016955017 0.0016955017        0    23121   115606
    1    23 0.0016955017 0.0016955017        0    23121   115606
    1    24 0.0016955017 0.0016955017        0    23121   115606
    1    25 0.0016955017 0.0016955017        0    23121   115606
    1    26 0.0016955017 0.0016955017        0    23121   115606
    1    27 0.0016955017 0.0016955017        0    23121   115606
    1    28 0.0016955017 0.0016955017        0    23121   115606
    1    29 0.0016955017 0.0016955017        0    23121   115606
    1    30 0.0016955017 0.0016955017        0    23121   115606
    1    31 0.0016955017 0.0016955017        0    23121   115606
    2    16 0.0016955017 0.0016955017        0    23121   115606
    2    17 0.0016955017 0.0016955017        0    23121   115606
    2    18 0.0016955017 0.0016955017        0    23121   115606
    2    19 0.0016955017 0.0016955017        0    23121   115606
    2    20 0.0016955017 0.0016955017        0    23121   115606
    2    21 0.0016955017 0.0016955017        0    23121   115606
    2    22 0.0016955017 0.0016955017        0    23121   115606
    2    23 0.0016955017 0.0016955017        0    23121   115606
    2    24 0.0016955017 0.0016955017        0    23121   115606
    2    25 0.0016955017 0.0016955017        0    23121   115606
    2    26 0.0016955017 0.0016955017        0    23121   115606
    2    27 0.0016955017 0.0016955017        0    23121   115606
    2    28 0.0016955017 0.0016955017        0    23121   115606
    2    29 0.0016955017 0.0016955017        0    23121   115606
    2    30 0.0016955017 0.0016955017        0    23121   115606
    2    31 0.0016955017 0.0016955017        0    23121   115606
    3    16 0.0016955017 0.0016955017        0    23121   115606
    3    17 0.0016955017 0.0016955017        0    23121   115606
    3    18 0.0016955017 0.0016955017        0    23121   115606
    3    19 0.0016955017 0.0016955017        0    23121   115606
    3    20 0.0016955017 0.0016955017        0    23121   115606
    3    21 0.0016955017 0.0016955017        0    23121   115606
    3    22 0.0016955017 0.0016955017        0    23121   115606
    3    23 0.0016955017 0.0016955017        0    23121   115606
    3    24 0.0016955017 0.0016955017        0    23121   115606
    3    25 0.0016955017 0.0016955017        0    23121   115606
    3    26 0.0016955017 0.0016955017        0    23121   115606
    3    27 0.0016955017 0.0016955017        0    23121   115606
    3    28 0.0016955017 0.0016955017        0    23121   115606
    3    29 0.0016955017 0.0016955017        0    23121   115606
    3    30 0.0016955017 0.0016955017        0    23121   115606
    3    31 0.0016955017 0.0016955017        0    23121   115606
    4    16 0.0016955017 0.0016955017        0    23121   115606
    4    17 0.0016955017 0.0016955017        0    23121   115606
    4    18 0.0016955017 0.0016955017        0    23121   115606
    4    19 0.0016955017 0.0016955017        0    23121   115606
    4    20 0.0016955017 0.0016955017        0    23121   115606
    4    21 0.0016955017 0.0016955017        0    23121   115606
    4    22 0.0016955017 0.0016955017        0    23121   115606
    4    23 0.0016955017 0.0016955017        0    23121   115606
    4    24 0.0016955017 0.0016955017        0    23121   115606
    4    25 0.0016955017 0.0016955017        0    23121   115606
    4    26 0.0016955017 0.0016955017        0    23121   115606
    4    27 0.0016955017 0.0016955017        0    23121   115606
    4    28 0.0016955017 0.0016955017        0    23121   115606
    4    29 0.0016955017 0.0016955017        0    23121   115606
    4    30 0.0016955017 0.0016955017        0    23121   115606
    4    31 0.0016955017 0.0016955017        0    23121   115606
    5    16 0.0016955017 0.0016955017        0    23121   115606
    5    17 0.0016955017 0.0016955017        0    23121   115606
    5    18 0.0016955017 0.0016955017        0    23121   115606
    5    19 0.0016955017 0.0016955017        0    23121   115606
    5    20 0.0016955017 0.0016955017        0    23121   115606
    5    21 0.0016955017 0.0016955017        0    23121   115606
    5    22 0.0016955017 0.0016955017        0    23121   115606
    5    23 0.0016955017 0.0016955017        0    23121   115606
    5    24 0.0016955017 0.0016955017        0    23121   115606
    5    25 0.0016955017 0.0016955017        0    23121   115606
    5    26 0.0016955017 0.0016955017        0    23121   115606
    5    27 0.0016955017 0.0016955017        0    23121   115606
    5    28 0.0016955017 0.0016955017        0    23121   115606
    5    29 0.0016955017 0.0016955017        0    23121   115606
    5    30 0.0016955017 0.0016955017        0    23121   115606
    5    31 0.0016955017 0.0016955017        0    23121   115606
    6    16 0.0016955017 0.0016955017        0    23121   115606
    6    17 0.0016955017 0.0016955017        0    23121   115606
    6    18 0.0016955017 0.0016955017        0    23121   115606
    6    19 0.0016955017 0.0016955017        0    23121   115606
    6    20 0.0016955017 0.0016955017        0    23121   115606
    6    21 0.0016955017 0.0016955017        0    23121   115606
    6    22 0.0016955017 0.0016955017        0    23121   115606
    6    23 0.0016955017 0.0016955017        0    23121   115606
    6    24 0.0016955017 0.0016955017        0    23121   115606
    6    25 0.0016955017 0.0016955017        0    23121   115606
    6    26 0.0016955017 0.0016955017        0    23121   115606
    6    27 0.0016955017 0.0016955017        0    23121   115606
    6    28 0.0016955017 0.0016955017        0    23121   115606
    6    29 0.0016955017 0.0016955017        0    23121   115606
    6    30 0.0016955017 0.0016955017        0    23121   115606
    6    31 0.0016955017 0.0016955017        0    23121   115606
    7    16 0.0016955017 0.0016955017        0    23121   115606
    7    17 0.0016955017 0.0016955017        0    23121   115606
    7    18 0.0016955017 0.0016955017        0    23121   115606
    7    19 0.0016955017 0.0016955017        0    23121   115606
    7    20 0.0016955017 0.0016955017        0    23121   115606
    7    21 0.0016955017 0.0016955017        0    23121   115606
    7    22 0.0016955017 0.0016955017        0    23121   115606
    7    23 0.0016955017 0.0016955017        0    23121   115606
    7    24 0.0016955017 0.0016955017        0    23121   115606
    7    25 0.0016955017 0.0016955017        0    23121   115606
    7    26 0.0016955017 0.0016955017        0    23121   115606
    7    27 0.0016955017 0.0016955017        0    23121   115606
    7    28 0.0016955017 0.0016955017        0    23121   115606
    7    29 0.0016955017 0.0016955017        0    23121   115606
    7    30 0.0016955017 0.0016955017        0    23121   115606
    7    31 0.0016955017 0.0016955017        0    23121   115606
    8    32 0.0016955017 0.0016955017        0    23121   115606
    8    33 0.0016955017 0.0016955017        0    23121   115606
    8    34 0.0016955017 0.0016955017        0    23121   115606
    8    35 0.0016955017 0.0016955017        0    23121   115606
    8    36 0.0016955017 0.0016955017        0    23121   115606
    8    37 0.0016955017 0.0016955017        0    23121   115606
    8    38 0.0016955017 0.0016955017        0    23121   115606
    8    39 0.0016955017 0.0016955017        0    23121   115606
    8    40 0.0016955017 0.0016955017        0    23121   115606
    8    41 0.0016955017 0.0016955017        0    23121   115606
    8    42 0.0016955017 0.0016955017        0    23121   115606
    8    43 0.0016955017 0.0016955017        0    23121   115606
    8    44 0.0016955017 0.0016955017        0    23121   115606
    8    45 0.0016955017 0.0016955017        0    23121   115606
    8    46 0.0016955017 0.0016955017        0    23121   115606
    8    47 0.0016955017 0.0016955017        0    23121   115606
    9    32 0.0016955017 0.0016955017        0    23121   115606
    9    33 0.0016955017 0.0016955017        0    23121   115606
    9    34 0.0016955017 0.0016955017        0    23121   115606
    9    35 0.0016955017 0.0016955017        0    23121   115606
    9    36 0.0016955017 0.0016955017        0    23121   115606
    9    37 0.0016955017 0.0016955017        0    23121   115606
    9    38 0.0016955017 0.0016955017        0    23121   115606
    9    39 0.0016955017 0.0016955017        0    23121   115606
    9    40 0.0016955017 0.0016955017        0    23121   115606
    9    41 0.0016955017 0.0016955017        0    23121   115606
    9    42 0.0016955017 0.0016955017        0    23121   115606
    9    43 0.0016955017 0.0016955017        0    23121   115606
    9    44 0.0016955017 0.0016955017        0    23121   115606
    9    45 0.0016955017 0.0016955017        0    23121   115606
    9    46 0.0016955017 0.0016955017        0    23121   115606
    9    47 0.0016955017 0.0016955017        0    23121   115606
   10    32 0.0016955017 0.0016955017        0    23121   115606
   10    33 0.0016955017 0.0016955017        0    23121   115606
   10    34 0.0016955017 0.0016955017        0    23121   115606
   10    35 0.0016955017 0.0016955017        0    23121   115606
   10    36 0.0016955017 0.0016955017        0    23121   115606
   10    37 0.0016955017 0.0016955017        0    23121   115606
   10    38 0.0016955017 0.0016955017        0    23121   115606
   10    39 0.0016955017 0.0016955017        0    23121   115606
   10    40 0.0016955017 0.0016955017        0    23121   115606
   10    41 0.0016955017 0.0016955017        0    23121   115606
   10    42 0.0016955017 0.0016955017        0    23121   115606
   10    43 0.0016955017 0.0016955017        0    23121   115606
   10    44 0.0016955017 0.0016955017        0    23121   115606
   10    45 0.0016955017 0.0016955017        0    23121   115606
   10    46 0.0016955017 0.0016955017        0    23121   115606
   10    47 0.0016955017 0.0016955017        0    23121   115606
   11    32 0.0016955017 0.0016955017        0    23121   115606
   11    33 0.0016955017 0.0016955017        0    23121   115606
   11    34 0.0016955017 0.0016955017        0    23121   115606
   11    35 0.0016955017 0.0016955017        0    23121   115606
   11    36 0.0016955017 0.0016955017        0    23121   115606
   11    37 0.0016955017 0.0016955017        0    23121   115606
   11    38 0.0016955017 0.0016955017        0    23121   115606
   11    39 0.0016955017 0.0016955017        0    23121   115606
   11    40 0.0016955017 0.0016955017        0    23121   115606
   11    41 0.0016955017 0.0016955017        0    23121   115606
   11    42 0.0016955017 0.0016955017        0    23121   115606
   11    43 0.0016955017 0.0016955017        0    23121   115606
   11    44 0.0016955017 0.0016955017        0    23121   115606
   11    45 0.0016955017 0.0016955017        0    23121   115606
   11    46 0.0016955017 0.0016955017        0    23121   115606
   11    47 0.0016955017 0.0016955017        0    23121   115606
   12    32 0.0016955017 0.0016955017        0    23121   115606
   12    33 0.0016955017 0.0016955017        0    23121   115606
   12    34 0.0016955017 0.0016955017        0    23121   115606
   12    35 0.0016955017 0.0016955017        0    23121   115606
   12    36 0.0016955017 0.0016955017        0    23121   115606
   12    37 0.0016955017 0.0016955017        0    23121   115606
   12    38 0.0016955017 0.0016955017        0    23121   115606
   12    39 0.0016955017 0.0016955017        0    23121   115606
   12    40 0.0016955017 0.0016955017        0    23121   115606
   12    41 0.0016955017 0.0016955017        0    23121   115606
   12    42 0.0016955017 0.0016955017        0    23121   115606
   12    43 0.0016955017 0.0016955017        0    23121   115606
   12    44 0.0016955017 0.0016955017        0    23121   115606
   12    45 0.0016955017 0.0016955017        0    23121   115606
   12    46 0.0016955017 0.0016955017        0    23121   115606
   12    47 0.0016955017 0.0016955017        0    23121   115606
   13    32 0.0016955017 0.0016955017        0    23121   115606
   13    33 0.0016955017 0.0016955017        0    23121   115606
   13    34 0.0016955017 0.0016955017        0    23121   115606
   13    35 0.0016955017 0.0016955017        0    23121   115606
   13    36 0.0016955017 0.0016955017        0    23121   115606
   13    37 0.0016955017 0.0016955017        0    23121   115606
   13    38 0.0016955017 0.0016955017        0    23121   115606
   13    39 0.0016955017 0.0016955017        0    23121   115606
   13    40 0.0016955017 0.0016955017        0    23121   115606
   13    41 0.0016955017 0.0016955017        0    23121   115606
   13    42 0.0016955017 0.0016955017        0    23121   115606
   13    43 0.0016955017 0.0016955017        0    23121   115606
   13    44 0.0016955017 0.0016955017        0    23121   115606
   13    45 0.0016955017 0.0016955017        0    23121   115606
   13    46 0.0016955017 0.0016955017        0    23121   115606
   13    47 0.0016955017 0.0016955017        0    23121   115606
   14    32 0.0016955017 0.0016955017        0    23121   115606
   14    33 0.0016955017 0.0016955017        0    23121   115606
   14    34 0.0016955017 0.0016955017        0    23121   115606
   14    35 0.0016955017 0.0016955017        0    23121   115606
   14    36 0.0016955017 0.0016955017        0    23121   115606
   14    37 0.0016955017 0.0016955017        0    23121   115606
   14    38 0.0016955017 0.0016955017        0    23121   115606
   14    39 0.0016955017 0.0016955017        0    23121   115606
   14    40 0.0016955017 0.0016955017        0    23121   115606
   14    41 0.0016955017 0.0016955017        0    23121   115606
   14    42 0.0016955017 0.0016955017        0    23121   115606
   14    43 0.0016955017 0.0016955017        0    23121   115606
   14    44 0.0016955017 0.0016955017        0    23121   115606
   14    45 0.0016955017 0.0016955017        0    23121   115606
   14    46 0.0016955017 0.0016955017        0    23121   115606
   14    47 0.0016955017 0.0016955017        0    23121   115606
   15    32 0.0016955017 0.0016955017        0    23121   115606
   15    33 0.0016955017 0.0016955017        0    23121   115606
   15    34 0.0016955017 0.0016955017        0    23121   115606
   15    35 0.0016955017 0.0016955017        0    23121   115606
   15    36 0.0016955017 0.0016955017        0    23121   115606
   15    37 0.0016955017 0.0016955017        0    23121   115606
   15    38 0.0016955017 0.0016955017        0    23121   115606
   15    39 0.0016955017 0.0016955017        0    23121   115606
   15    40 0.0016955017 0.0016955017        0    23121   115606
   15    41 0.0016955017 0.0016955017        0    23121   115606
   15    42 0.0016955017 0.0016955017        0    23121   115606
   15    43 0.0016955017 0.0016955017        0    23121   115606
   15    44 0.0016955017 0.0016955017        0    23121   115606
   15    45 0.0016955017 0.0016955017        0    23121   115606
   15    46 0.0016955017 0.0016955017        0    23121   115606
   15    47 0.0016955017 0.0016955017        0    23121   115606
   16    48 0.0008477325 0.0008477325    23121    69363   115606
   16    49 0.0008477325 0.0008477325    23121    69363   115606
   16    50 0.0008477325 0.0008477325    23121    69363   115606
   16    51 0.0008477325 0.0008477325    23121    69363   115606
   16    52 0.0008477325 0.0008477325    23121    69363   115606
   16    53 0.0008477325 0.0008477325    23121    69363   115606
   16    54 0.0008477325 0.0008477325    23121    69363   115606
   16    55 0.0008477325 0.0008477325    23121    69363   115606
   16    56 0.0008477325 0.0008477325    23121    69363   115606
   16    57 0.0008477325 0.0008477325    23121    69363   115606
   16    58 0.0008477325 0.0008477325    23121    69363   115606
   16    59 0.0008477325 0.0008477325    23121    69363   115606
   16    60 0.0008477325 0.0008477325    23121    69363   115606
   16    61 0.0008477325 0.0008477325    23121    69363   115606
   16    62 0.0008477325 0.0008477325    23121    69363   115606
   16    63 0.0008477325 0.0008477325    23121    69363   115606
   17    48 0.0008477325 0.0008477325    23121    69363   115606
   17    49 0.0008477325 0.0008477325    23121    69363   115606
   17    50 0.0008477325 0.0008477325    23121    69363   115606
   17    51 0.0008477325 0.0008477325    23121    69363   115606
   17    52 0.0008477325 0.0008477325    23121    69363   115606
   17    53 0.0008477325 0.0008477325    23121    69363   115606
   17    54 0.0008477325 0.0008477325    23121    69363   115606
   17    55 0.0008477325 0.0008477325    23121    69363   115606
   17    56 0.0008477325 0.0008477325    23121    69363   115606
   17    57 0.0008477325 0.0008477325    23121    69363   115606
   17    58 0.0008477325 0.0008477325    23121    69363   115606
   17    59 0.0008477325 0.0008477325    23121    69363   115606
   17    60 0.0008477325 0.0008477325    23121    69363   115606
   17    61 0.0008477325 0.0008477325    23121    69363   115606
   17    62 0.0008477325 0.0008477325    23121    69363   115606
   17    63 0.0008477325 0.0008477325    23121    69363   115606
   18    48 0.0008477325 0.0008477325    23121    69363   115606
   18    49 0.0008477325 0.0008477325    23121    69363   115606
   18    50 0.0008477325 0.0008477325    23121    69363   115606
   18    51 0.0008477325 0.0008477325    23121    69363   115606
   18    52 0.0008477325 0.0008477325    23121    69363   115606
   18    53 0.0008477325 0.0008477325    23121    69363   115606
   18    54 0.0008477325 0.0008477325    23121    69363   115606
   18    55 0.0008477325 0.0008477325    23121    69363   115606
   18    56 0.0008477325 0.0008477325    23121    69363   115606
   18    57 0.0008477325 0.0008477325    23121    69363   115606
   18    58 0.0008477325 0.0008477325    23121    69363   115606
   18    59 0.0008477325 0.0008477325    23121    69363   115606
   18    60 0.0008477325 0.0008477325    23121    69363   115606
   18    61 0.0008477325 0.0008477325    23121    69363   115606
   18    62 0.0008477325 0.0008477325    23121    69363   115606
   18    63 0.0008477325 0.0008477325    23121    69363   115606
   19    48 0.0008477325 0.0008477325    23121    69363   115606
   19    49 0.0008477325 0.0008477325    23121    69363   115606
   19    50 0.0008477325 0.0008477325    23121    69363   115606
   19    51 0.0008477325 0.0008477325    23121    69363   115606
   19    52 0.0008477325 0.0008477325    23121    69363   115606
   19    53 0.0008477325 0.0008477325    23121    69363   115606
   19    54 0.0008477325 0.0008477325    23121    69363   115606
   19    55 0.0008477325 0.0008477325    23121    69363   115606
   19    56 0.0008477325 0.0008477325    23121    69363   115606
   19    57 0.0008477325 0.0008477325    23121    69363   115606
   19    58 0.0008477325 0.0008477325    23121    69363   115606
   19    59 0.0008477325 0.0008477325    23121    69363   115606
   19    60 0.0008477325 0.0008477325    23121    69363   115606
   19    61 0.0008477325 0.0008477325    23121    69363   115606
   19    62 0.0008477325 0.0008477325    23121    69363   115606
   19    63 0.0008477325 0.0008477325    23121    69363   115606
   20    48 0.0008477325 0.0008477325    23121    69363   115606
   20    49 0.0008477325 0.0008477325    23121    69363   115606
   20    50 0.0008477325 0.0008477325    23121    69363   115606
   20    51 0.0008477325 0.0008477325    23121    69363   115606
   20    52 0.0008477325 0.0008477325    23121    69363   115606
   20    53 0.0008477325 0.0008477325    23121    69363   115606
   20    54 0.0008477325 0.0008477325    23121    69363   115606
   20    55 0.0008477325 0.0008477325    23121    69363   115606
   20    56 0.0008477325 0.0008477325    23121    69363   115606
   20    57 0.0008477325 0.0008477325    23121    69363   115606
   20    58 0.0008477325 0.0008477325    23121    69363   115606
   20    59 0.0008477325 0.0008477325    23121    69363   115606
   20    60 0.0008477325 0.0008477325    23121    69363   115606
   20    61 0.0008477325 0.0008477325    23121    69363   115606
   20    62 0.0008477325 0.0008477325    23121    69363   115606
   20    63 0.0008477325 0.0008477325    23121    69363   115606
   21    48 0.0008477325 0.0008477325    23121    69363   115606
   21    49 0.0008477325 0.0008477325    23121    69363   115606
   21    50 0.0008477325 0.0008477325    23121    69363   115606
   21    51 0.0008477325 0.0008477325    23121    69363   115606
   21    52 0.0008477325 0.0008477325    23121    69363   115606
   21    53 0.0008477325 0.0008477325    23121    69363   115606
   21    54 0.0008477325 0.0008477325    23121    69363   115606
   21    55 0.0008477325 0.0008477325    23121    69363   115606
   21    56 0.0008477325 0.0008477325    23121    69363   115606
   21    57 0.0008477325 0.0008477325    23121    69363   115606
   21    58 0.0008477325 0.0008477325    23121    69363   115606
   21    59 0.0008477325 0.0008477325    23121    69363   115606
   21    60 0.0008477325 0.0008477325    23121    69363   115606
   21    61 0.0008477325 0.0008477325    23121    69363   115606
   21    62 0.0008477325 0.0008477325    23121    69363   115606
   21    63 0.0008477325 0.0008477325    23121    69363   115606
   22    48 0.0008477325 0.0008477325    23121    69363   115606
   22    49 0.0008477325 0.0008477325    23121    69363   115606
   22    50 0.0008477325 0.0008477325    23121    69363   115606
   22    51 0.0008477325 0.0008477325    23121    69363   115606
   22    52 0.0008477325 0.0008477325    23121    69363   115606
   22    53 0.0008477325 0.0008477325    23121    69363   115606
   22    54 0.0008477325 0.0008477325    23121    69363   115606
   22    55 0.0008477325 0.0008477325    23121    69363   115606
   22    56 0.0008477325 0.0008477325    23121    69363   115606
   22    57 0.0008477325 0.0008477325    23121    69363   115606
   22    58 0.0008477325 0.0008477325    23121    69363   115606
   22    59 0.0008477325 0.0008477325    23121    69363   115606
   22    60 0.0008477325 0.0008477325    23121    69363   115606
   22    61 0.0008477325 0.0008477325    23121    69363   115606
   22    62 0.0008477325 0.0008477325    23121    69363   115606
   22    63 0.0008477325 0.0008477325    23121    69363   115606
   23    48 0.0008477325 0.0008477325    23121    69363   115606
   23    49 0.0008477325 0.0008477325    23121    69363   115606
   23    50 0.0008477325 0.0008477325    23121    69363   115606
   23    51 0.0008477325 0.0008477325    23121    69363   115606
   23    52 0.0008477325 0.0008477325    23121    69363   115606
   23    53 0.0008477325 0.0008477325    23121    69363   115606
   23    54 0.0008477325 0.0008477325    23121    69363   115606
   23    55 0.0008477325 0.0008477325    23121    69363   115606
   23    56 0.0008477325 0.0008477325    23121    69363   115606
   23    57 0.0008477325 0.0008477325    23121    69363   115606
   23    58 0.0008477325 0.0008477325    23121    69363   115606
   23    59 0.0008477325 0.0008477325    23121    69363   115606
   23    60 0.0008477325 0.0008477325    23121    69363   115606
   23    61 0.0008477325 0.0008477325    23121    69363   115606
   23    62 0.0008477325 0.0008477325    23121    69363   115606
   23    63 0.0008477325 0.0008477325    23121    69363   115606
   24    64 0.0008477325 0.0008477325    23121    69363   115606
   24    65 0.0008477325 0.0008477325    23121    69363   115606
   24    66 0.0008477325 0.0008477325    23121    69363   115606
   24    67 0.0008477325 0.0008477325    23121    69363   115606
   24    68 0.0008477325 0.0008477325    23121    69363   115606
   24    69 0.0008477325 0.0008477325    23121    69363   115606
   24    70 0.0008477325 0.0008477325    23121    69363   115606
   24    71 0.0008477325 0.0008477325    23121    69363   115606
   24    72 0.0008477325 0.0008477325    23121    69363   115606
   24    73 0.0008477325 0.0008477325    23121    69363   115606
   24    74 0.0008477325 0.0008477325    23121    69363   115606
   24    75 0.0008477325 0.0008477325    23121    69363   115606
   24    76 0.0008477325 0.0008477325    23121    69363   115606
   24    77 0.0008477325 0.0008477325    23121    69363   115606
   24    78 0.0008477325 0.0008477325    23121    69363   115606
   24    79 0.0008477325 0.0008477325    23121    69363   115606
   25    64 0.0008477325 0.0008477325    23121    69363   115606
   25    65 0.0008477325 0.0008477325    23121    69363   115606
   25    66 0.0008477325 0.0008477325    23121    69363   115606
   25    67 0.0008477325 0.0008477325    23121    69363   115606
   25    68 0.0008477325 0.0008477325    23121    69363   115606
   25    69 0.0008477325 0.0008477325    23121    69363   115606
   25    70 0.0008477325 0.0008477325    23121    69363   115606
   25    71 0.0008477325 0.0008477325    23121    69363   115606
   25    72 0.0008477325 0.0008477325    23121    69363   115606
   25    73 0.0008477325 0.0008477325    23121    69363   115606
   25    74 0.0008477325 0.0008477325    23121    69363   115606
   25    75 0.0008477325 0.0008477325    23121    69363   115606
   25    76 0.0008477325 0.0008477325    23121    69363   115606
   25    77 0.0008477325 0.0008477325    23121    69363   115606
   25    78 0.0008477325 0.0008477325    23121    69363   115606
   25    79 0.0008477325 0.0008477325    23121    69363   115606
   26    64 0.0008477325 0.0008477325    23121    69363   115606
   26    65 0.0008477325 0.0008477325    23121    69363   115606
   26    66 0.0008477325 0.0008477325    23121    69363   115606
   26    67 0.0008477325 0.0008477325    23121    69363   115606
   26    68 0.0008477325 0.0008477325    23121    69363   115606
   26    69 0.0008477325 0.0008477325    23121    69363   115606
   26    70 0.0008477325 0.0008477325    23121    69363   115606
   26    71 0.0008477325 0.0008477325    23121    69363   115606
   26    72 0.0008477325 0.0008477325    23121    69363   115606
   26    73 0.0008477325 0.0008477325    23121    69363   115606
   26    74 0.0008477325 0.0008477325    23121    69363   115606
   26    75 0.0008477325 0.0008477325    23121    69363   115606
   26    76 0.0008477325 0.0008477325    23121    69363   115606
   26    77 0.0008477325 0.0008477325    23121    69363   115606
   26    78 0.0008477325 0.0008477325    23121    69363   115606
   26    79 0.0008477325 0.0008477325    23121    69363   115606
   27    64 0.0008477325 0.0008477325    23121    69363   115606
   27    65 0.0008477325 0.0008477325    23121    69363   115606
   27    66 0.0008477325 0.0008477325    23121    69363   115606
   27    67 0.0008477325 0.0008477325    23121    69363   115606
   27    68 0.0008477325 0.0008477325    23121    69363   115606
   27    69 0.0008477325 0.0008477325    23121    69363   115606
   27    70 0.0008477325 0.0008477325    23121    69363   115606
   27    71 0.0008477325 0.0008477325    23121    69363   115606
   27    72 0.0008477325 0.0008477325    23121    69363   115606
   27    73 0.0008477325 0.0008477325    23121    69363   115606
   27    74 0.0008477325 0.0008477325    23121    69363   115606
   27    75 0.0008477325 0.0008477325    23121    69363   115606
   27    76 0.0008477325 0.0008477325    23121    69363   115606
   27    77 0.0008477325 0.0008477325    23121    69363   115606
   27    78 0.0008477325 0.0008477325    23121    69363   115606
   27    79 0.0008477325 0.0008477325    23121    69363   115606
   28    64 0.0008477325 0.0008477325    23121    69363   115606
   28    65 0.0008477325 0.0008477325    23121    69363   115606
   28    66 0.0008477325 0.0008477325    23121    69363   115606
   28    67 0.0008477325 0.0008477325    23121    69363   115606
   28    68 0.0008477325 0.0008477325    23121    69363   115606
   28    69 0.0008477325 0.0008477325    23121    69363   115606
   28    70 0.0008477325 0.0008477325    23121    69363   115606
   28    71 0.0008477325 0.0008477325    23121    69363   115606
   28    72 0.0008477325 0.0008477325    23121    69363   115606
   28    73 0.0008477325 0.0008477325    23121    69363   115606
   28    74 0.0008477325 0.0008477325    23121    69363   115606
   28    75 0.0008477325 0.0008477325    23121    69363   115606
   28    76 0.0008477325 0.0008477325    23121    69363   115606
   28    77 0.0008477325 0.0008477325    23121    69363   115606
   28    78 0.0008477325 0.0008477325    23121    69363   115606
   28    79 0.0008477325 0.0008477325    23121    69363   115606
   29    64 0.0008477325 0.0008477325    23121    69363   115606
   29    65 0.0008477325 0.0008477325    23121    69363   115606
   29    66 0.0008477325 0.0008477325    23121    69363   115606
   29    67 0.0008477325 0.0008477325    23121    69363   115606
   29    68 0.0008477325 0.0008477325    23121    69363   115606
   29    69 0.0008477325 0.0008477325    23121    69363   115606
   29    70 0.0008477325 0.0008477325    23121    69363   115606
   29    71 0.0008477325 0.0008477325    23121    69363   115606
   29    72 0.0008477325 0.0008477325    23121    69363   115606
   29    73 0.0008477325 0.0008477325    23121    69363   115606
   29    74 0.0008477325 0.0008477325    23121    69363   115606
   29    75 0.0008477325 0.0008477325    23121    69363   115606
   29    76 0.0008477325 0.0008477325    23121    69363   115606
   29    77 0.0008477325 0.0008477325    23121    69363   115606
   29    78 0.0008477325 0.0008477325    23121    69363   115606
   29    79 0.0008477325 0.0008477325    23121    69363   115606
   30    64 0.0008477325 0.0008477325    23121    69363   115606
   30    65 0.0008477325 0.0008477325    23121    69363   115606
   30    66 0.0008477325 0.0008477325    23121    69363   115606
   30    67 0.0008477325 0.0008477325    23121    69363   115606
   30    68 0.0008477325 0.0008477325    23121    69363   115606
   30    69 0.0008477325 0.0008477325    23121    69363   115606
   30    70 0.0008477325 0.0008477325    23121    69363   115606
   30    71 0.0008477325 0.0008477325    23121    69363   115606
   30    72 0.0008477325 0.0008477325    23121    69363   115606
   30    73 0.0008477325 0.0008477325    23121    69363   115606
   30    74 0.0008477325 0.0008477325    23121    69363   115606
   30    75 0.0008477325 0.0008477325    23121    69363   115606
   30    76 0.0008477325 0.0008477325    23121    69363   115606
   30    77 0.0008477325 0.0008477325    23121    69363   115606
   30    78 0.0008477325 0.0008477325    23121    69363   115606
   30    79 0.0008477325 0.0008477325    23121    69363   115606
   31    64 0.0008477325 0.0008477325    23121    69363   115606
   31    65 0.0008477325 0.0008477325    23121    69363   115606
   31    66 0.0008477325 0.0008477325    23121    69363   115606
   31    67 0.0008477325 0.0008477325    23121    69363   115606
   31    68 0.0008477325 0.0008477325    23121    69363   115606
   31    69 0.0008477325 0.0008477325    23121    69363   115606
   31    70 0.0008477325 0.0008477325    23121    69363   115606
   31    71 0.0008477325 0.0008477325    23121    69363   115606
   31    72 0.0008477325 0.0008477325    23121    69363   115606
   31    73 0.0008477325 0.0008477325    23121    69363   115606
   31    74 0.0008477325 0.0008477325    23121    69363   115606
   31    75 0.0008477325 0.0008477325    23121    69363   115606
   31    76 0.0008477325 0.0008477325    23121    69363   115606
   31    77 0.0008477325 0.0008477325    23121    69363   115606
   31    78 0.0008477325 0.0008477325    23121    69363   115606
   31    79 0.0008477325 0.0008477325    23121    69363   115606
   32    16 0.0033909301 0.0033909301    23121    69363   115606
   33    17 0.0033909301 0.0033909301    23121    69363   115606
   34    18 0.0033909301 0.0033909301    23121    69363   115606
   35    19 0.0033909301 0.0033909301    23121    69363   115606
   36    20 0.0033909301 0.0033909301    23121    69363   115606
   37    21 0.0033909301 0.0033909301    23121    69363   115606
   38    22 0.0033909301 0.0033909301    23121    69363   115606
   39    23 0.0033909301 0.0033909301    23121    69363   115606
   40    24 0.0033909301 0.0033909301    23121    69363   115606
   41    25 0.0033909301 0.0033909301    23121    69363   115606
   42    26 0.0033909301 0.0033909301    23121    69363   115606
   43    27 0.0033909301 0.0033909301    23121    69363   115606
   44    28 0.0033909301 0.0033909301    23121    69363   115606
   45    29 0.0033909301 0.0033909301    23121    69363   115606
   46    30 0.0033909301 0.0033909301    23121    69363   115606
   47    31 0.0033909301 0.0033909301    23121    69363   115606
   64    48 0.0033909301 0.0033909301    69363   115605   115606
   65    49 0.0033909301 0.0033909301    69363   115605   115606
   66    50 0.0033909301 0.0033909301    69363   115605   115606
   67    51 0.0033909301 0.0033909301    69363   115605   115606
   68    52 0.0033909301 0.0033909301    69363   115605   115606
   69    53 0.0033909301 0.0033909301    69363   115605   115606
   70    54 0.0033909301 0.0033909301    69363   115605   115606
   71    55 0.0033909301 0.0033909301    69363   115605   115606
   72    56 0.0033909301 0.0033909301    69363   115605   115606
   73    57 0.0033909301 0.0033909301    69363   115605   115606
   74    58 0.0033909301 0.0033909301    69363   115605   115606
   75    59 0.0033909301 0.0033909301    69363   115605   115606
   76    60 0.0033909301 0.0033909301    69363   115605   115606
   77    61 0.0033909301 0.0033909301    69363   115605   115606
   78    62 0.0033909301 0.0033909301    69363   115605   115606
   79    63 0.0033909301 0.0033909301    69363   115605   115606
