% vgg16_block3  crossbar 128x128  mesh 6x6x3 (108 nodes)
% generated by stage2_core.py -- see STAGE2.md
% run with:  -size 16 16 -dimx 6 -dimy 6 -dimz 3 -traffic table traffics_dnn_packing/vgg16_block3_xb128_6x6x3_c16r8s2.txt
% sweep with: WARMUP_DP_CYCLES=3 SIM_DP_CYCLES=80  (DP_CYCLE=648, SIM=51840, 0.4 block passes measured)
% LOAD_SCALE=0.05  CYCLES_PER_MAC=2.5e-05  t_period=115606
% phases:  conv5=[0,23121)  conv6=[23121,69363)  conv7=[69363,115605)
% src dst pir por t_on t_off t_period
    0     1 0.0067820069 0.0067820069        0    23121   115606
    0     2 0.0067820069 0.0067820069        0    23121   115606
    0     3 0.0067820069 0.0067820069        0    23121   115606
    0     4 0.0067820069 0.0067820069        0    23121   115606
    0     5 0.0067820069 0.0067820069        0    23121   115606
    0     6 0.0067820069 0.0067820069        0    23121   115606
    0     7 0.0067820069 0.0067820069        0    23121   115606
    0    16 0.0033910035 0.0033910035        0    23121   115606
    0    17 0.0033910035 0.0033910035        0    23121   115606
    0    18 0.0033910035 0.0033910035        0    23121   115606
    0    19 0.0033910035 0.0033910035        0    23121   115606
    0    20 0.0033910035 0.0033910035        0    23121   115606
    0    21 0.0033910035 0.0033910035        0    23121   115606
    0    22 0.0033910035 0.0033910035        0    23121   115606
    0    23 0.0033910035 0.0033910035        0    23121   115606
    1    16 0.0033910035 0.0033910035        0    23121   115606
    1    17 0.0033910035 0.0033910035        0    23121   115606
    1    18 0.0033910035 0.0033910035        0    23121   115606
    1    19 0.0033910035 0.0033910035        0    23121   115606
    1    20 0.0033910035 0.0033910035        0    23121   115606
    1    21 0.0033910035 0.0033910035        0    23121   115606
    1    22 0.0033910035 0.0033910035        0    23121   115606
    1    23 0.0033910035 0.0033910035        0    23121   115606
    2    16 0.0023313149 0.0023313149        0    23121   115606
    2    17 0.0023313149 0.0023313149        0    23121   115606
    2    18 0.0023313149 0.0023313149        0    23121   115606
    2    19 0.0023313149 0.0023313149        0    23121   115606
    2    20 0.0023313149 0.0023313149        0    23121   115606
    2    21 0.0023313149 0.0023313149        0    23121   115606
    2    22 0.0023313149 0.0023313149        0    23121   115606
    2    23 0.0023313149 0.0023313149        0    23121   115606
    2    24 0.0011656574 0.0011656574        0    23121   115606
    2    25 0.0011656574 0.0011656574        0    23121   115606
    2    26 0.0011656574 0.0011656574        0    23121   115606
    2    27 0.0011656574 0.0011656574        0    23121   115606
    2    28 0.0011656574 0.0011656574        0    23121   115606
    2    29 0.0011656574 0.0011656574        0    23121   115606
    2    30 0.0011656574 0.0011656574        0    23121   115606
    2    31 0.0011656574 0.0011656574        0    23121   115606
    3    24 0.0033910035 0.0033910035        0    23121   115606
    3    25 0.0033910035 0.0033910035        0    23121   115606
    3    26 0.0033910035 0.0033910035        0    23121   115606
    3    27 0.0033910035 0.0033910035        0    23121   115606
    3    28 0.0033910035 0.0033910035        0    23121   115606
    3    29 0.0033910035 0.0033910035        0    23121   115606
    3    30 0.0033910035 0.0033910035        0    23121   115606
    3    31 0.0033910035 0.0033910035        0    23121   115606
    4    24 0.0033910035 0.0033910035        0    23121   115606
    4    25 0.0033910035 0.0033910035        0    23121   115606
    4    26 0.0033910035 0.0033910035        0    23121   115606
    4    27 0.0033910035 0.0033910035        0    23121   115606
    4    28 0.0033910035 0.0033910035        0    23121   115606
    4    29 0.0033910035 0.0033910035        0    23121   115606
    4    30 0.0033910035 0.0033910035        0    23121   115606
    4    31 0.0033910035 0.0033910035        0    23121   115606
    5    24 0.0011656574 0.0011656574        0    23121   115606
    5    25 0.0011656574 0.0011656574        0    23121   115606
    5    26 0.0011656574 0.0011656574        0    23121   115606
    5    27 0.0011656574 0.0011656574        0    23121   115606
    5    28 0.0011656574 0.0011656574        0    23121   115606
    5    29 0.0011656574 0.0011656574        0    23121   115606
    5    30 0.0011656574 0.0011656574        0    23121   115606
    5    31 0.0011656574 0.0011656574        0    23121   115606
    5    32 0.0023313149 0.0023313149        0    23121   115606
    5    33 0.0023313149 0.0023313149        0    23121   115606
    5    34 0.0023313149 0.0023313149        0    23121   115606
    5    35 0.0023313149 0.0023313149        0    23121   115606
    5    36 0.0023313149 0.0023313149        0    23121   115606
    5    37 0.0023313149 0.0023313149        0    23121   115606
    5    38 0.0023313149 0.0023313149        0    23121   115606
    5    39 0.0023313149 0.0023313149        0    23121   115606
    6    32 0.0033910035 0.0033910035        0    23121   115606
    6    33 0.0033910035 0.0033910035        0    23121   115606
    6    34 0.0033910035 0.0033910035        0    23121   115606
    6    35 0.0033910035 0.0033910035        0    23121   115606
    6    36 0.0033910035 0.0033910035        0    23121   115606
    6    37 0.0033910035 0.0033910035        0    23121   115606
    6    38 0.0033910035 0.0033910035        0    23121   115606
    6    39 0.0033910035 0.0033910035        0    23121   115606
    7    32 0.0033910035 0.0033910035        0    23121   115606
    7    33 0.0033910035 0.0033910035        0    23121   115606
    7    34 0.0033910035 0.0033910035        0    23121   115606
    7    35 0.0033910035 0.0033910035        0    23121   115606
    7    36 0.0033910035 0.0033910035        0    23121   115606
    7    37 0.0033910035 0.0033910035        0    23121   115606
    7    38 0.0033910035 0.0033910035        0    23121   115606
    7    39 0.0033910035 0.0033910035        0    23121   115606
    8     0 0.0135640138 0.0135640138        0    23121   115606
    8     9 0.0067820069 0.0067820069        0    23121   115606
    8    10 0.0067820069 0.0067820069        0    23121   115606
    8    11 0.0067820069 0.0067820069        0    23121   115606
    8    12 0.0067820069 0.0067820069        0    23121   115606
    8    13 0.0067820069 0.0067820069        0    23121   115606
    8    14 0.0067820069 0.0067820069        0    23121   115606
    8    15 0.0067820069 0.0067820069        0    23121   115606
    9     1 0.0135640138 0.0135640138        0    23121   115606
   10     2 0.0135640138 0.0135640138        0    23121   115606
   11     3 0.0135640138 0.0135640138        0    23121   115606
   12     4 0.0135640138 0.0135640138        0    23121   115606
   13     5 0.0135640138 0.0135640138        0    23121   115606
   14     6 0.0135640138 0.0135640138        0    23121   115606
   15     7 0.0135640138 0.0135640138        0    23121   115606
   16    40 0.0016954651 0.0016954651    23121    69363   115606
   16    41 0.0016954651 0.0016954651    23121    69363   115606
   16    42 0.0016954651 0.0016954651    23121    69363   115606
   16    43 0.0016954651 0.0016954651    23121    69363   115606
   16    44 0.0016954651 0.0016954651    23121    69363   115606
   16    45 0.0016954651 0.0016954651    23121    69363   115606
   16    46 0.0016954651 0.0016954651    23121    69363   115606
   16    47 0.0016954651 0.0016954651    23121    69363   115606
   17    40 0.0016954651 0.0016954651    23121    69363   115606
   17    41 0.0016954651 0.0016954651    23121    69363   115606
   17    42 0.0016954651 0.0016954651    23121    69363   115606
   17    43 0.0016954651 0.0016954651    23121    69363   115606
   17    44 0.0016954651 0.0016954651    23121    69363   115606
   17    45 0.0016954651 0.0016954651    23121    69363   115606
   17    46 0.0016954651 0.0016954651    23121    69363   115606
   17    47 0.0016954651 0.0016954651    23121    69363   115606
   18    40 0.0011656322 0.0011656322    23121    69363   115606
   18    41 0.0011656322 0.0011656322    23121    69363   115606
   18    42 0.0011656322 0.0011656322    23121    69363   115606
   18    43 0.0011656322 0.0011656322    23121    69363   115606
   18    44 0.0011656322 0.0011656322    23121    69363   115606
   18    45 0.0011656322 0.0011656322    23121    69363   115606
   18    46 0.0011656322 0.0011656322    23121    69363   115606
   18    47 0.0011656322 0.0011656322    23121    69363   115606
   18    48 0.0005828161 0.0005828161    23121    69363   115606
   18    49 0.0005828161 0.0005828161    23121    69363   115606
   18    50 0.0005828161 0.0005828161    23121    69363   115606
   18    51 0.0005828161 0.0005828161    23121    69363   115606
   18    52 0.0005828161 0.0005828161    23121    69363   115606
   18    53 0.0005828161 0.0005828161    23121    69363   115606
   18    54 0.0005828161 0.0005828161    23121    69363   115606
   18    55 0.0005828161 0.0005828161    23121    69363   115606
   19    48 0.0016954651 0.0016954651    23121    69363   115606
   19    49 0.0016954651 0.0016954651    23121    69363   115606
   19    50 0.0016954651 0.0016954651    23121    69363   115606
   19    51 0.0016954651 0.0016954651    23121    69363   115606
   19    52 0.0016954651 0.0016954651    23121    69363   115606
   19    53 0.0016954651 0.0016954651    23121    69363   115606
   19    54 0.0016954651 0.0016954651    23121    69363   115606
   19    55 0.0016954651 0.0016954651    23121    69363   115606
   20    48 0.0016954651 0.0016954651    23121    69363   115606
   20    49 0.0016954651 0.0016954651    23121    69363   115606
   20    50 0.0016954651 0.0016954651    23121    69363   115606
   20    51 0.0016954651 0.0016954651    23121    69363   115606
   20    52 0.0016954651 0.0016954651    23121    69363   115606
   20    53 0.0016954651 0.0016954651    23121    69363   115606
   20    54 0.0016954651 0.0016954651    23121    69363   115606
   20    55 0.0016954651 0.0016954651    23121    69363   115606
   21    48 0.0005828161 0.0005828161    23121    69363   115606
   21    49 0.0005828161 0.0005828161    23121    69363   115606
   21    50 0.0005828161 0.0005828161    23121    69363   115606
   21    51 0.0005828161 0.0005828161    23121    69363   115606
   21    52 0.0005828161 0.0005828161    23121    69363   115606
   21    53 0.0005828161 0.0005828161    23121    69363   115606
   21    54 0.0005828161 0.0005828161    23121    69363   115606
   21    55 0.0005828161 0.0005828161    23121    69363   115606
   21    56 0.0011656322 0.0011656322    23121    69363   115606
   21    57 0.0011656322 0.0011656322    23121    69363   115606
   21    58 0.0011656322 0.0011656322    23121    69363   115606
   21    59 0.0011656322 0.0011656322    23121    69363   115606
   21    60 0.0011656322 0.0011656322    23121    69363   115606
   21    61 0.0011656322 0.0011656322    23121    69363   115606
   21    62 0.0011656322 0.0011656322    23121    69363   115606
   21    63 0.0011656322 0.0011656322    23121    69363   115606
   22    56 0.0016954651 0.0016954651    23121    69363   115606
   22    57 0.0016954651 0.0016954651    23121    69363   115606
   22    58 0.0016954651 0.0016954651    23121    69363   115606
   22    59 0.0016954651 0.0016954651    23121    69363   115606
   22    60 0.0016954651 0.0016954651    23121    69363   115606
   22    61 0.0016954651 0.0016954651    23121    69363   115606
   22    62 0.0016954651 0.0016954651    23121    69363   115606
   22    63 0.0016954651 0.0016954651    23121    69363   115606
   23    56 0.0016954651 0.0016954651    23121    69363   115606
   23    57 0.0016954651 0.0016954651    23121    69363   115606
   23    58 0.0016954651 0.0016954651    23121    69363   115606
   23    59 0.0016954651 0.0016954651    23121    69363   115606
   23    60 0.0016954651 0.0016954651    23121    69363   115606
   23    61 0.0016954651 0.0016954651    23121    69363   115606
   23    62 0.0016954651 0.0016954651    23121    69363   115606
   23    63 0.0016954651 0.0016954651    23121    69363   115606
   24    16 0.0067818603 0.0067818603    23121    69363   115606
   25    17 0.0067818603 0.0067818603    23121    69363   115606
   26    18 0.0067818603 0.0067818603    23121    69363   115606
   27    19 0.0067818603 0.0067818603    23121    69363   115606
   28    20 0.0067818603 0.0067818603    23121    69363   115606
   29    21 0.0067818603 0.0067818603    23121    69363   115606
   30    22 0.0067818603 0.0067818603    23121    69363   115606
   31    23 0.0067818603 0.0067818603    23121    69363   115606
   32    16 0.0067818603 0.0067818603    23121    69363   115606
   33    17 0.0067818603 0.0067818603    23121    69363   115606
   34    18 0.0067818603 0.0067818603    23121    69363   115606
   35    19 0.0067818603 0.0067818603    23121    69363   115606
   36    20 0.0067818603 0.0067818603    23121    69363   115606
   37    21 0.0067818603 0.0067818603    23121    69363   115606
   38    22 0.0067818603 0.0067818603    23121    69363   115606
   39    23 0.0067818603 0.0067818603    23121    69363   115606
   48    40 0.0067818603 0.0067818603    69363   115605   115606
   49    41 0.0067818603 0.0067818603    69363   115605   115606
   50    42 0.0067818603 0.0067818603    69363   115605   115606
   51    43 0.0067818603 0.0067818603    69363   115605   115606
   52    44 0.0067818603 0.0067818603    69363   115605   115606
   53    45 0.0067818603 0.0067818603    69363   115605   115606
   54    46 0.0067818603 0.0067818603    69363   115605   115606
   55    47 0.0067818603 0.0067818603    69363   115605   115606
   56    40 0.0067818603 0.0067818603    69363   115605   115606
   57    41 0.0067818603 0.0067818603    69363   115605   115606
   58    42 0.0067818603 0.0067818603    69363   115605   115606
   59    43 0.0067818603 0.0067818603    69363   115605   115606
   60    44 0.0067818603 0.0067818603    69363   115605   115606
   61    45 0.0067818603 0.0067818603    69363   115605   115606
   62    46 0.0067818603 0.0067818603    69363   115605   115606
   63    47 0.0067818603 0.0067818603    69363   115605   115606
