% vgg16_block3  crossbar 128x128  mesh 6x6x3 (108 nodes)
% generated by stage2_core.py -- see STAGE2.md
% run with:  -size 16 16 -dimx 6 -dimy 6 -dimz 3 -traffic table traffics_dnn_packing/vgg16_block3_xb128_6x6x3_c16r1s16.txt
% sweep with: WARMUP_DP_CYCLES=3 SIM_DP_CYCLES=80  (DP_CYCLE=648, SIM=51840, 0.4 block passes measured)
% LOAD_SCALE=0.05  CYCLES_PER_MAC=2.5e-05  t_period=115606
% phases:  conv5=[0,23121)  conv6=[23121,69363)  conv7=[69363,115605)
% src dst pir por t_on t_off t_period
    0     1 0.0001059689 0.0001059689        0    23121   115606
    0     9 0.0015895329 0.0015895329        0    23121   115606
    0    10 0.0015895329 0.0015895329        0    23121   115606
    0    11 0.0015895329 0.0015895329        0    23121   115606
    0    12 0.0015895329 0.0015895329        0    23121   115606
    0    13 0.0016955017 0.0016955017        0    23121   115606
    0    14 0.0015895329 0.0015895329        0    23121   115606
    0    15 0.0015895329 0.0015895329        0    23121   115606
    0    16 0.0015895329 0.0015895329        0    23121   115606
    0    17 0.0015895329 0.0015895329        0    23121   115606
    0    18 0.0015895329 0.0015895329        0    23121   115606
    0    19 0.0015895329 0.0015895329        0    23121   115606
    0    20 0.0015895329 0.0015895329        0    23121   115606
    0    21 0.0015895329 0.0015895329        0    23121   115606
    0    22 0.0016955017 0.0016955017        0    23121   115606
    0    23 0.0015895329 0.0015895329        0    23121   115606
    0    24 0.0015895329 0.0015895329        0    23121   115606
    0    25 0.0015895329 0.0015895329        0    23121   115606
    0    26 0.0015895329 0.0015895329        0    23121   115606
    1     0 0.1086180796 0.1086180796        0    23121   115606
    1     2 0.0001059689 0.0001059689        0    23121   115606
    2     0 0.1085121107 0.1085121107        0    23121   115606
    2     1 0.0001059689 0.0001059689        0    23121   115606
    2     3 0.0001059689 0.0001059689        0    23121   115606
    3     0 0.1085121107 0.1085121107        0    23121   115606
    3     2 0.0001059689 0.0001059689        0    23121   115606
    3     4 0.0001059689 0.0001059689        0    23121   115606
    4     0 0.1085121107 0.1085121107        0    23121   115606
    4     3 0.0001059689 0.0001059689        0    23121   115606
    4     5 0.0001059689 0.0001059689        0    23121   115606
    5     0 0.1085121107 0.1085121107        0    23121   115606
    5     4 0.0001059689 0.0001059689        0    23121   115606
    5     6 0.0001059689 0.0001059689        0    23121   115606
    6     0 0.1085121107 0.1085121107        0    23121   115606
    6     5 0.0001059689 0.0001059689        0    23121   115606
    6     7 0.0001059689 0.0001059689        0    23121   115606
    7     0 0.1085121107 0.1085121107        0    23121   115606
    7     6 0.0001059689 0.0001059689        0    23121   115606
    7     8 0.0001059689 0.0001059689        0    23121   115606
    8     0 0.1085121107 0.1085121107        0    23121   115606
    8     7 0.0001059689 0.0001059689        0    23121   115606
    9    27 0.0007947492 0.0007947492    23121    69363   115606
    9    28 0.0007947492 0.0007947492    23121    69363   115606
    9    29 0.0007947492 0.0007947492    23121    69363   115606
    9    30 0.0007947492 0.0007947492    23121    69363   115606
    9    31 0.0008477325 0.0008477325    23121    69363   115606
    9    32 0.0007947492 0.0007947492    23121    69363   115606
    9    33 0.0007947492 0.0007947492    23121    69363   115606
    9    34 0.0007947492 0.0007947492    23121    69363   115606
    9    35 0.0007947492 0.0007947492    23121    69363   115606
    9    36 0.0007947492 0.0007947492    23121    69363   115606
    9    37 0.0007947492 0.0007947492    23121    69363   115606
    9    38 0.0007947492 0.0007947492    23121    69363   115606
    9    39 0.0007947492 0.0007947492    23121    69363   115606
    9    40 0.0008477325 0.0008477325    23121    69363   115606
    9    41 0.0007947492 0.0007947492    23121    69363   115606
    9    42 0.0007947492 0.0007947492    23121    69363   115606
    9    43 0.0007947492 0.0007947492    23121    69363   115606
    9    44 0.0007947492 0.0007947492    23121    69363   115606
   10     9 0.0542548820 0.0542548820    23121    69363   115606
   11     9 0.0542548820 0.0542548820    23121    69363   115606
   12     9 0.0542548820 0.0542548820    23121    69363   115606
   13     9 0.0542548820 0.0542548820    23121    69363   115606
   14     9 0.0542548820 0.0542548820    23121    69363   115606
   15     9 0.0542548820 0.0542548820    23121    69363   115606
   16     9 0.0542548820 0.0542548820    23121    69363   115606
   17     9 0.0542548820 0.0542548820    23121    69363   115606
   18     9 0.0542548820 0.0542548820    23121    69363   115606
   19     9 0.0542548820 0.0542548820    23121    69363   115606
   20     9 0.0542548820 0.0542548820    23121    69363   115606
   21     9 0.0542548820 0.0542548820    23121    69363   115606
   22     9 0.0542548820 0.0542548820    23121    69363   115606
   23     9 0.0542548820 0.0542548820    23121    69363   115606
   24     9 0.0542548820 0.0542548820    23121    69363   115606
   25     9 0.0542548820 0.0542548820    23121    69363   115606
   26     9 0.0542548820 0.0542548820    23121    69363   115606
   28    27 0.0542548820 0.0542548820    69363   115605   115606
   29    27 0.0542548820 0.0542548820    69363   115605   115606
   30    27 0.0542548820 0.0542548820    69363   115605   115606
   31    27 0.0542548820 0.0542548820    69363   115605   115606
   32    27 0.0542548820 0.0542548820    69363   115605   115606
   33    27 0.0542548820 0.0542548820    69363   115605   115606
   34    27 0.0542548820 0.0542548820    69363   115605   115606
   35    27 0.0542548820 0.0542548820    69363   115605   115606
   36    27 0.0542548820 0.0542548820    69363   115605   115606
   37    27 0.0542548820 0.0542548820    69363   115605   115606
   38    27 0.0542548820 0.0542548820    69363   115605   115606
   39    27 0.0542548820 0.0542548820    69363   115605   115606
   40    27 0.0542548820 0.0542548820    69363   115605   115606
   41    27 0.0542548820 0.0542548820    69363   115605   115606
   42    27 0.0542548820 0.0542548820    69363   115605   115606
   43    27 0.0542548820 0.0542548820    69363   115605   115606
   44    27 0.0542548820 0.0542548820    69363   115605   115606
