% vitsmall_encoder1  crossbar 128x128  mesh 6x6x3 (108 nodes)
% generated by stage2_core.py -- see STAGE2.md
% run with:  -size 16 16 -dimx 6 -dimy 6 -dimz 3 -traffic table traffics_dnn_packing/vitsmall_encoder1_xb128_6x6x3_c32r2s16.txt
% sweep with: WARMUP_DP_CYCLES=3 SIM_DP_CYCLES=80  (DP_CYCLE=648, SIM=51840, 0.9 block passes measured)
% LOAD_SCALE=0.05  CYCLES_PER_MAC=0.0002  t_period=58097
% phases:  q=[0,5809)  k=[0,5809)  v=[0,5809)  o=[5809,11618)  ff1=[11618,34857)  ff2=[34857,58096)  attn_res=[0,11618)  ffn_res=[11618,58096)
% src dst pir por t_on t_off t_period
    0     1 0.0050878099 0.0050878099        0     5809    58097
    0     4 0.0050878099 0.0050878099        0     5809    58097
    0     5 0.0050878099 0.0050878099        0     5809    58097
    0     8 0.0050878099 0.0050878099        0     5809    58097
    0     9 0.0050878099 0.0050878099        0     5809    58097
    0    12 0.0025436860 0.0025436860        0    11618    58097
    2     0 0.0203512397 0.0203512397        0     5809    58097
    2     3 0.0050878099 0.0050878099        0     5809    58097
    2     6 0.0050878099 0.0050878099        0     5809    58097
    2     7 0.0050878099 0.0050878099        0     5809    58097
    2    10 0.0050878099 0.0050878099        0     5809    58097
    2    11 0.0050878099 0.0050878099        0     5809    58097
    2    13 0.0025436860 0.0025436860        0    11618    58097
    3     1 0.0203512397 0.0203512397        0     5809    58097
    6     4 0.0203512397 0.0203512397        0     5809    58097
    7     5 0.0203512397 0.0203512397        0     5809    58097
    8    12 0.0050878099 0.0050878099        0     5809    58097
    8    13 0.0050878099 0.0050878099        0     5809    58097
    9    14 0.0050878099 0.0050878099        0     5809    58097
    9    15 0.0050878099 0.0050878099        0     5809    58097
   10     8 0.0203512397 0.0203512397        0     5809    58097
   11     9 0.0203512397 0.0203512397        0     5809    58097
   12    16 0.0050878099 0.0050878099     5809    11618    58097
   12    17 0.0050878099 0.0050878099     5809    11618    58097
   12    18 0.0050878099 0.0050878099     5809    11618    58097
   12    19 0.0050878099 0.0050878099     5809    11618    58097
   12    20 0.0050878099 0.0050878099     5809    11618    58097
   12    21 0.0050878099 0.0050878099     5809    11618    58097
   12    28 0.0006357984 0.0006357984    11618    58096    58097
   13    22 0.0050878099 0.0050878099     5809    11618    58097
   13    23 0.0050878099 0.0050878099     5809    11618    58097
   13    24 0.0050878099 0.0050878099     5809    11618    58097
   13    25 0.0050878099 0.0050878099     5809    11618    58097
   13    26 0.0050878099 0.0050878099     5809    11618    58097
   13    27 0.0050878099 0.0050878099     5809    11618    58097
   13    29 0.0006357984 0.0006357984    11618    58096    58097
   14    12 0.0203512397 0.0203512397     5809    11618    58097
   15    13 0.0203512397 0.0203512397     5809    11618    58097
   16    28 0.0016954988 0.0016954988    11618    34857    58097
   16    29 0.0016954988 0.0016954988    11618    34857    58097
   17    30 0.0016954988 0.0016954988    11618    34857    58097
   17    31 0.0016954988 0.0016954988    11618    34857    58097
   18    32 0.0016954988 0.0016954988    11618    34857    58097
   18    33 0.0016954988 0.0016954988    11618    34857    58097
   19    34 0.0016954988 0.0016954988    11618    34857    58097
   19    35 0.0016954988 0.0016954988    11618    34857    58097
   20    36 0.0016954988 0.0016954988    11618    34857    58097
   20    37 0.0016954988 0.0016954988    11618    34857    58097
   21    38 0.0016954988 0.0016954988    11618    34857    58097
   21    39 0.0016954988 0.0016954988    11618    34857    58097
   22    16 0.0067819950 0.0067819950    11618    34857    58097
   23    17 0.0067819950 0.0067819950    11618    34857    58097
   24    18 0.0067819950 0.0067819950    11618    34857    58097
   25    19 0.0067819950 0.0067819950    11618    34857    58097
   26    20 0.0067819950 0.0067819950    11618    34857    58097
   27    21 0.0067819950 0.0067819950    11618    34857    58097
   30    28 0.0050864963 0.0050864963    34857    58096    58097
   31    29 0.0050864963 0.0050864963    34857    58096    58097
   32    28 0.0050864963 0.0050864963    34857    58096    58097
   33    29 0.0050864963 0.0050864963    34857    58096    58097
   34    28 0.0050864963 0.0050864963    34857    58096    58097
   35    29 0.0050864963 0.0050864963    34857    58096    58097
   36    28 0.0050864963 0.0050864963    34857    58096    58097
   37    29 0.0050864963 0.0050864963    34857    58096    58097
   38    28 0.0050864963 0.0050864963    34857    58096    58097
   39    29 0.0050864963 0.0050864963    34857    58096    58097
