% vitsmall_encoder1  crossbar 128x128  mesh 6x6x3 (108 nodes)
% generated by stage2_core.py -- see STAGE2.md
% run with:  -size 16 16 -dimx 6 -dimy 6 -dimz 3 -traffic table traffics_dnn_packing/vitsmall_encoder1_xb128_6x6x3_c32r4s8.txt
% sweep with: WARMUP_DP_CYCLES=3 SIM_DP_CYCLES=80  (DP_CYCLE=648, SIM=51840, 0.9 block passes measured)
% LOAD_SCALE=0.05  CYCLES_PER_MAC=0.0002  t_period=58097
% phases:  q=[0,5809)  k=[0,5809)  v=[0,5809)  o=[5809,11618)  ff1=[11618,34857)  ff2=[34857,58096)  attn_res=[0,11618)  ffn_res=[11618,58096)
% src dst pir por t_on t_off t_period
    0     1 0.0101756198 0.0101756198        0     5809    58097
    0     2 0.0101756198 0.0101756198        0     5809    58097
    0     3 0.0101756198 0.0101756198        0     5809    58097
    0     4 0.0101756198 0.0101756198        0     5809    58097
    0     5 0.0101756198 0.0101756198        0     5809    58097
    0     6 0.0101756198 0.0101756198        0     5809    58097
    0     7 0.0101756198 0.0101756198        0     5809    58097
    0     8 0.0101756198 0.0101756198        0     5809    58097
    0     9 0.0016957907 0.0016957907        0    11618    58097
    0    10 0.0016957907 0.0016957907        0    11618    58097
    0    11 0.0016957907 0.0016957907        0    11618    58097
    6     9 0.0033918733 0.0033918733        0     5809    58097
    6    10 0.0033918733 0.0033918733        0     5809    58097
    6    11 0.0033918733 0.0033918733        0     5809    58097
    7     9 0.0033918733 0.0033918733        0     5809    58097
    7    10 0.0033918733 0.0033918733        0     5809    58097
    7    11 0.0033918733 0.0033918733        0     5809    58097
    8     9 0.0033918733 0.0033918733        0     5809    58097
    8    10 0.0033918733 0.0033918733        0     5809    58097
    8    11 0.0033918733 0.0033918733        0     5809    58097
    9    12 0.0033918733 0.0033918733     5809    11618    58097
    9    13 0.0033918733 0.0033918733     5809    11618    58097
    9    14 0.0033918733 0.0033918733     5809    11618    58097
    9    15 0.0033918733 0.0033918733     5809    11618    58097
    9    16 0.0033918733 0.0033918733     5809    11618    58097
    9    17 0.0033918733 0.0033918733     5809    11618    58097
    9    18 0.0033918733 0.0033918733     5809    11618    58097
    9    19 0.0033918733 0.0033918733     5809    11618    58097
    9    20 0.0033918733 0.0033918733     5809    11618    58097
    9    21 0.0033918733 0.0033918733     5809    11618    58097
    9    22 0.0033918733 0.0033918733     5809    11618    58097
    9    23 0.0033918733 0.0033918733     5809    11618    58097
    9    24 0.0004238656 0.0004238656    11618    58096    58097
   10    12 0.0033918733 0.0033918733     5809    11618    58097
   10    13 0.0033918733 0.0033918733     5809    11618    58097
   10    14 0.0033918733 0.0033918733     5809    11618    58097
   10    15 0.0033918733 0.0033918733     5809    11618    58097
   10    16 0.0033918733 0.0033918733     5809    11618    58097
   10    17 0.0033918733 0.0033918733     5809    11618    58097
   10    18 0.0033918733 0.0033918733     5809    11618    58097
   10    19 0.0033918733 0.0033918733     5809    11618    58097
   10    20 0.0033918733 0.0033918733     5809    11618    58097
   10    21 0.0033918733 0.0033918733     5809    11618    58097
   10    22 0.0033918733 0.0033918733     5809    11618    58097
   10    23 0.0033918733 0.0033918733     5809    11618    58097
   10    25 0.0004238656 0.0004238656    11618    58096    58097
   11    12 0.0033918733 0.0033918733     5809    11618    58097
   11    13 0.0033918733 0.0033918733     5809    11618    58097
   11    14 0.0033918733 0.0033918733     5809    11618    58097
   11    15 0.0033918733 0.0033918733     5809    11618    58097
   11    16 0.0033918733 0.0033918733     5809    11618    58097
   11    17 0.0033918733 0.0033918733     5809    11618    58097
   11    18 0.0033918733 0.0033918733     5809    11618    58097
   11    19 0.0033918733 0.0033918733     5809    11618    58097
   11    20 0.0033918733 0.0033918733     5809    11618    58097
   11    21 0.0033918733 0.0033918733     5809    11618    58097
   11    22 0.0033918733 0.0033918733     5809    11618    58097
   11    23 0.0033918733 0.0033918733     5809    11618    58097
   11    26 0.0004238656 0.0004238656    11618    58096    58097
   12    24 0.0008477494 0.0008477494    11618    34857    58097
   12    25 0.0008477494 0.0008477494    11618    34857    58097
   12    26 0.0008477494 0.0008477494    11618    34857    58097
   13    24 0.0008477494 0.0008477494    11618    34857    58097
   13    25 0.0008477494 0.0008477494    11618    34857    58097
   13    26 0.0008477494 0.0008477494    11618    34857    58097
   14    24 0.0008477494 0.0008477494    11618    34857    58097
   14    25 0.0008477494 0.0008477494    11618    34857    58097
   14    26 0.0008477494 0.0008477494    11618    34857    58097
   15    24 0.0008477494 0.0008477494    11618    34857    58097
   15    25 0.0008477494 0.0008477494    11618    34857    58097
   15    26 0.0008477494 0.0008477494    11618    34857    58097
   16    27 0.0008477494 0.0008477494    11618    34857    58097
   16    28 0.0008477494 0.0008477494    11618    34857    58097
   16    29 0.0008477494 0.0008477494    11618    34857    58097
   17    27 0.0008477494 0.0008477494    11618    34857    58097
   17    28 0.0008477494 0.0008477494    11618    34857    58097
   17    29 0.0008477494 0.0008477494    11618    34857    58097
   18    27 0.0008477494 0.0008477494    11618    34857    58097
   18    28 0.0008477494 0.0008477494    11618    34857    58097
   18    29 0.0008477494 0.0008477494    11618    34857    58097
   19    27 0.0008477494 0.0008477494    11618    34857    58097
   19    28 0.0008477494 0.0008477494    11618    34857    58097
   19    29 0.0008477494 0.0008477494    11618    34857    58097
   20    30 0.0008477494 0.0008477494    11618    34857    58097
   20    31 0.0008477494 0.0008477494    11618    34857    58097
   20    32 0.0008477494 0.0008477494    11618    34857    58097
   21    30 0.0008477494 0.0008477494    11618    34857    58097
   21    31 0.0008477494 0.0008477494    11618    34857    58097
   21    32 0.0008477494 0.0008477494    11618    34857    58097
   22    30 0.0008477494 0.0008477494    11618    34857    58097
   22    31 0.0008477494 0.0008477494    11618    34857    58097
   22    32 0.0008477494 0.0008477494    11618    34857    58097
   23    30 0.0008477494 0.0008477494    11618    34857    58097
   23    31 0.0008477494 0.0008477494    11618    34857    58097
   23    32 0.0008477494 0.0008477494    11618    34857    58097
   27    24 0.0033909975 0.0033909975    34857    58096    58097
   28    25 0.0033909975 0.0033909975    34857    58096    58097
   29    26 0.0033909975 0.0033909975    34857    58096    58097
   30    24 0.0033909975 0.0033909975    34857    58096    58097
   31    25 0.0033909975 0.0033909975    34857    58096    58097
   32    26 0.0033909975 0.0033909975    34857    58096    58097
