% vitsmall_encoder1  crossbar 128x128  mesh 6x6x3 (108 nodes)
% generated by stage2_core.py -- see STAGE2.md
% run with:  -size 16 16 -dimx 6 -dimy 6 -dimz 3 -traffic table traffics_dnn_packing/vitsmall_encoder1_xb128_6x6x3_c16r1s16.txt
% sweep with: WARMUP_DP_CYCLES=3 SIM_DP_CYCLES=80  (DP_CYCLE=648, SIM=51840, 0.9 block passes measured)
% LOAD_SCALE=0.05  CYCLES_PER_MAC=0.0002  t_period=58097
% phases:  q=[0,5809)  k=[0,5809)  v=[0,5809)  o=[5809,11618)  ff1=[11618,34857)  ff2=[34857,58096)  attn_res=[0,11618)  ffn_res=[11618,58096)
% src dst pir por t_on t_off t_period
    0     1 0.0033918733 0.0033918733        0     5809    58097
    0     6 0.0033918733 0.0033918733        0     5809    58097
    0     7 0.0033918733 0.0033918733        0     5809    58097
    0    12 0.0033918733 0.0033918733        0     5809    58097
    0    13 0.0033918733 0.0033918733        0     5809    58097
    0    18 0.0016957907 0.0016957907        0    11618    58097
    2     0 0.0203512397 0.0203512397        0     5809    58097
    2     3 0.0033918733 0.0033918733        0     5809    58097
    2     8 0.0033918733 0.0033918733        0     5809    58097
    2     9 0.0033918733 0.0033918733        0     5809    58097
    2    14 0.0033918733 0.0033918733        0     5809    58097
    2    15 0.0033918733 0.0033918733        0     5809    58097
    2    18 0.0008478953 0.0008478953        0    11618    58097
    2    19 0.0008478953 0.0008478953        0    11618    58097
    3     1 0.0203512397 0.0203512397        0     5809    58097
    4     0 0.0203512397 0.0203512397        0     5809    58097
    4     5 0.0033918733 0.0033918733        0     5809    58097
    4    10 0.0033918733 0.0033918733        0     5809    58097
    4    11 0.0033918733 0.0033918733        0     5809    58097
    4    16 0.0033918733 0.0033918733        0     5809    58097
    4    17 0.0033918733 0.0033918733        0     5809    58097
    4    19 0.0016957907 0.0016957907        0    11618    58097
    5     1 0.0203512397 0.0203512397        0     5809    58097
    8     6 0.0203512397 0.0203512397        0     5809    58097
    9     7 0.0203512397 0.0203512397        0     5809    58097
   10     6 0.0203512397 0.0203512397        0     5809    58097
   11     7 0.0203512397 0.0203512397        0     5809    58097
   12    18 0.0033918733 0.0033918733        0     5809    58097
   12    19 0.0033918733 0.0033918733        0     5809    58097
   12    20 0.0016959366 0.0016959366        0     5809    58097
   12    21 0.0016959366 0.0016959366        0     5809    58097
   13    20 0.0016959366 0.0016959366        0     5809    58097
   13    21 0.0016959366 0.0016959366        0     5809    58097
   13    22 0.0033918733 0.0033918733        0     5809    58097
   13    23 0.0033918733 0.0033918733        0     5809    58097
   14    12 0.0203512397 0.0203512397        0     5809    58097
   15    13 0.0203512397 0.0203512397        0     5809    58097
   16    12 0.0203512397 0.0203512397        0     5809    58097
   17    13 0.0203512397 0.0203512397        0     5809    58097
   18    24 0.0033918733 0.0033918733     5809    11618    58097
   18    25 0.0033918733 0.0033918733     5809    11618    58097
   18    26 0.0033918733 0.0033918733     5809    11618    58097
   18    27 0.0033918733 0.0033918733     5809    11618    58097
   18    28 0.0033918733 0.0033918733     5809    11618    58097
   18    29 0.0033918733 0.0033918733     5809    11618    58097
   18    30 0.0016959366 0.0016959366     5809    11618    58097
   18    31 0.0016959366 0.0016959366     5809    11618    58097
   18    32 0.0016959366 0.0016959366     5809    11618    58097
   18    33 0.0016959366 0.0016959366     5809    11618    58097
   18    34 0.0016959366 0.0016959366     5809    11618    58097
   18    35 0.0016959366 0.0016959366     5809    11618    58097
   18    42 0.0006357984 0.0006357984    11618    58096    58097
   19    30 0.0016959366 0.0016959366     5809    11618    58097
   19    31 0.0016959366 0.0016959366     5809    11618    58097
   19    32 0.0016959366 0.0016959366     5809    11618    58097
   19    33 0.0016959366 0.0016959366     5809    11618    58097
   19    34 0.0016959366 0.0016959366     5809    11618    58097
   19    35 0.0016959366 0.0016959366     5809    11618    58097
   19    36 0.0033918733 0.0033918733     5809    11618    58097
   19    37 0.0033918733 0.0033918733     5809    11618    58097
   19    38 0.0033918733 0.0033918733     5809    11618    58097
   19    39 0.0033918733 0.0033918733     5809    11618    58097
   19    40 0.0033918733 0.0033918733     5809    11618    58097
   19    41 0.0033918733 0.0033918733     5809    11618    58097
   19    43 0.0006357984 0.0006357984    11618    58096    58097
   20    18 0.0203512397 0.0203512397     5809    11618    58097
   21    19 0.0203512397 0.0203512397     5809    11618    58097
   22    18 0.0203512397 0.0203512397     5809    11618    58097
   23    19 0.0203512397 0.0203512397     5809    11618    58097
   24    42 0.0008477494 0.0008477494    11618    34857    58097
   24    43 0.0008477494 0.0008477494    11618    34857    58097
   24    44 0.0008477494 0.0008477494    11618    34857    58097
   24    45 0.0008477494 0.0008477494    11618    34857    58097
   25    46 0.0008477494 0.0008477494    11618    34857    58097
   25    47 0.0008477494 0.0008477494    11618    34857    58097
   25    48 0.0008477494 0.0008477494    11618    34857    58097
   25    49 0.0008477494 0.0008477494    11618    34857    58097
   26    50 0.0008477494 0.0008477494    11618    34857    58097
   26    51 0.0008477494 0.0008477494    11618    34857    58097
   26    52 0.0008477494 0.0008477494    11618    34857    58097
   26    53 0.0008477494 0.0008477494    11618    34857    58097
   27    54 0.0008477494 0.0008477494    11618    34857    58097
   27    55 0.0008477494 0.0008477494    11618    34857    58097
   27    56 0.0008477494 0.0008477494    11618    34857    58097
   27    57 0.0008477494 0.0008477494    11618    34857    58097
   28    58 0.0008477494 0.0008477494    11618    34857    58097
   28    59 0.0008477494 0.0008477494    11618    34857    58097
   28    60 0.0008477494 0.0008477494    11618    34857    58097
   28    61 0.0008477494 0.0008477494    11618    34857    58097
   29    62 0.0008477494 0.0008477494    11618    34857    58097
   29    63 0.0008477494 0.0008477494    11618    34857    58097
   29    64 0.0008477494 0.0008477494    11618    34857    58097
   29    65 0.0008477494 0.0008477494    11618    34857    58097
   30    24 0.0067819950 0.0067819950    11618    34857    58097
   31    25 0.0067819950 0.0067819950    11618    34857    58097
   32    26 0.0067819950 0.0067819950    11618    34857    58097
   33    27 0.0067819950 0.0067819950    11618    34857    58097
   34    28 0.0067819950 0.0067819950    11618    34857    58097
   35    29 0.0067819950 0.0067819950    11618    34857    58097
   36    24 0.0067819950 0.0067819950    11618    34857    58097
   37    25 0.0067819950 0.0067819950    11618    34857    58097
   38    26 0.0067819950 0.0067819950    11618    34857    58097
   39    27 0.0067819950 0.0067819950    11618    34857    58097
   40    28 0.0067819950 0.0067819950    11618    34857    58097
   41    29 0.0067819950 0.0067819950    11618    34857    58097
   44    42 0.0050864963 0.0050864963    34857    58096    58097
   45    43 0.0050864963 0.0050864963    34857    58096    58097
   46    42 0.0050864963 0.0050864963    34857    58096    58097
   47    43 0.0050864963 0.0050864963    34857    58096    58097
   48    42 0.0050864963 0.0050864963    34857    58096    58097
   49    43 0.0050864963 0.0050864963    34857    58096    58097
   50    42 0.0050864963 0.0050864963    34857    58096    58097
   51    43 0.0050864963 0.0050864963    34857    58096    58097
   52    42 0.0050864963 0.0050864963    34857    58096    58097
   53    43 0.0050864963 0.0050864963    34857    58096    58097
   54    42 0.0050864963 0.0050864963    34857    58096    58097
   55    43 0.0050864963 0.0050864963    34857    58096    58097
   56    42 0.0050864963 0.0050864963    34857    58096    58097
   57    43 0.0050864963 0.0050864963    34857    58096    58097
   58    42 0.0050864963 0.0050864963    34857    58096    58097
   59    43 0.0050864963 0.0050864963    34857    58096    58097
   60    42 0.0050864963 0.0050864963    34857    58096    58097
   61    43 0.0050864963 0.0050864963    34857    58096    58097
   62    42 0.0050864963 0.0050864963    34857    58096    58097
   63    43 0.0050864963 0.0050864963    34857    58096    58097
   64    42 0.0050864963 0.0050864963    34857    58096    58097
   65    43 0.0050864963 0.0050864963    34857    58096    58097
