% vitsmall_encoder1  crossbar 128x128  mesh 6x6x3 (108 nodes)
% generated by stage2_core.py -- see STAGE2.md
% run with:  -size 16 16 -dimx 6 -dimy 6 -dimz 3 -traffic table traffics_dnn_packing/vitsmall_encoder1_xb128_6x6x3_c16r2s8.txt
% sweep with: WARMUP_DP_CYCLES=3 SIM_DP_CYCLES=80  (DP_CYCLE=648, SIM=51840, 0.9 block passes measured)
% LOAD_SCALE=0.05  CYCLES_PER_MAC=0.0002  t_period=58097
% phases:  q=[0,5809)  k=[0,5809)  v=[0,5809)  o=[5809,11618)  ff1=[11618,34857)  ff2=[34857,58096)  attn_res=[0,11618)  ffn_res=[11618,58096)
% src dst pir por t_on t_off t_period
    0     1 0.0050878099 0.0050878099        0     5809    58097
    0     2 0.0050878099 0.0050878099        0     5809    58097
    0     6 0.0050878099 0.0050878099        0     5809    58097
    0     7 0.0050878099 0.0050878099        0     5809    58097
    0     8 0.0050878099 0.0050878099        0     5809    58097
    0    12 0.0050878099 0.0050878099        0     5809    58097
    0    13 0.0050878099 0.0050878099        0     5809    58097
    0    14 0.0050878099 0.0050878099        0     5809    58097
    0    18 0.0016957907 0.0016957907        0    11618    58097
    0    19 0.0008478953 0.0008478953        0    11618    58097
    3     0 0.0135674931 0.0135674931        0     5809    58097
    3     4 0.0050878099 0.0050878099        0     5809    58097
    3     5 0.0050878099 0.0050878099        0     5809    58097
    3     9 0.0050878099 0.0050878099        0     5809    58097
    3    10 0.0050878099 0.0050878099        0     5809    58097
    3    11 0.0050878099 0.0050878099        0     5809    58097
    3    15 0.0050878099 0.0050878099        0     5809    58097
    3    16 0.0050878099 0.0050878099        0     5809    58097
    3    17 0.0050878099 0.0050878099        0     5809    58097
    3    19 0.0008478953 0.0008478953        0    11618    58097
    3    20 0.0016957907 0.0016957907        0    11618    58097
    4     1 0.0135674931 0.0135674931        0     5809    58097
    5     2 0.0135674931 0.0135674931        0     5809    58097
    9     6 0.0135674931 0.0135674931        0     5809    58097
   10     7 0.0135674931 0.0135674931        0     5809    58097
   11     8 0.0135674931 0.0135674931        0     5809    58097
   12    18 0.0033918733 0.0033918733        0     5809    58097
   12    19 0.0033918733 0.0033918733        0     5809    58097
   12    20 0.0033918733 0.0033918733        0     5809    58097
   13    18 0.0016959366 0.0016959366        0     5809    58097
   13    19 0.0016959366 0.0016959366        0     5809    58097
   13    20 0.0016959366 0.0016959366        0     5809    58097
   13    21 0.0016959366 0.0016959366        0     5809    58097
   13    22 0.0016959366 0.0016959366        0     5809    58097
   13    23 0.0016959366 0.0016959366        0     5809    58097
   14    21 0.0033918733 0.0033918733        0     5809    58097
   14    22 0.0033918733 0.0033918733        0     5809    58097
   14    23 0.0033918733 0.0033918733        0     5809    58097
   15    12 0.0135674931 0.0135674931        0     5809    58097
   16    13 0.0135674931 0.0135674931        0     5809    58097
   17    14 0.0135674931 0.0135674931        0     5809    58097
   18    24 0.0033918733 0.0033918733     5809    11618    58097
   18    25 0.0033918733 0.0033918733     5809    11618    58097
   18    26 0.0033918733 0.0033918733     5809    11618    58097
   18    27 0.0033918733 0.0033918733     5809    11618    58097
   18    28 0.0033918733 0.0033918733     5809    11618    58097
   18    29 0.0033918733 0.0033918733     5809    11618    58097
   18    30 0.0033918733 0.0033918733     5809    11618    58097
   18    31 0.0033918733 0.0033918733     5809    11618    58097
   18    32 0.0033918733 0.0033918733     5809    11618    58097
   18    33 0.0033918733 0.0033918733     5809    11618    58097
   18    34 0.0033918733 0.0033918733     5809    11618    58097
   18    35 0.0033918733 0.0033918733     5809    11618    58097
   18    48 0.0004238656 0.0004238656    11618    58096    58097
   19    24 0.0016959366 0.0016959366     5809    11618    58097
   19    25 0.0016959366 0.0016959366     5809    11618    58097
   19    26 0.0016959366 0.0016959366     5809    11618    58097
   19    27 0.0016959366 0.0016959366     5809    11618    58097
   19    28 0.0016959366 0.0016959366     5809    11618    58097
   19    29 0.0016959366 0.0016959366     5809    11618    58097
   19    30 0.0016959366 0.0016959366     5809    11618    58097
   19    31 0.0016959366 0.0016959366     5809    11618    58097
   19    32 0.0016959366 0.0016959366     5809    11618    58097
   19    33 0.0016959366 0.0016959366     5809    11618    58097
   19    34 0.0016959366 0.0016959366     5809    11618    58097
   19    35 0.0016959366 0.0016959366     5809    11618    58097
   19    36 0.0016959366 0.0016959366     5809    11618    58097
   19    37 0.0016959366 0.0016959366     5809    11618    58097
   19    38 0.0016959366 0.0016959366     5809    11618    58097
   19    39 0.0016959366 0.0016959366     5809    11618    58097
   19    40 0.0016959366 0.0016959366     5809    11618    58097
   19    41 0.0016959366 0.0016959366     5809    11618    58097
   19    42 0.0016959366 0.0016959366     5809    11618    58097
   19    43 0.0016959366 0.0016959366     5809    11618    58097
   19    44 0.0016959366 0.0016959366     5809    11618    58097
   19    45 0.0016959366 0.0016959366     5809    11618    58097
   19    46 0.0016959366 0.0016959366     5809    11618    58097
   19    47 0.0016959366 0.0016959366     5809    11618    58097
   19    49 0.0004238656 0.0004238656    11618    58096    58097
   20    36 0.0033918733 0.0033918733     5809    11618    58097
   20    37 0.0033918733 0.0033918733     5809    11618    58097
   20    38 0.0033918733 0.0033918733     5809    11618    58097
   20    39 0.0033918733 0.0033918733     5809    11618    58097
   20    40 0.0033918733 0.0033918733     5809    11618    58097
   20    41 0.0033918733 0.0033918733     5809    11618    58097
   20    42 0.0033918733 0.0033918733     5809    11618    58097
   20    43 0.0033918733 0.0033918733     5809    11618    58097
   20    44 0.0033918733 0.0033918733     5809    11618    58097
   20    45 0.0033918733 0.0033918733     5809    11618    58097
   20    46 0.0033918733 0.0033918733     5809    11618    58097
   20    47 0.0033918733 0.0033918733     5809    11618    58097
   20    50 0.0004238656 0.0004238656    11618    58096    58097
   21    18 0.0135674931 0.0135674931     5809    11618    58097
   22    19 0.0135674931 0.0135674931     5809    11618    58097
   23    20 0.0135674931 0.0135674931     5809    11618    58097
   24    48 0.0008477494 0.0008477494    11618    34857    58097
   24    49 0.0008477494 0.0008477494    11618    34857    58097
   24    50 0.0008477494 0.0008477494    11618    34857    58097
   25    48 0.0008477494 0.0008477494    11618    34857    58097
   25    49 0.0008477494 0.0008477494    11618    34857    58097
   25    50 0.0008477494 0.0008477494    11618    34857    58097
   26    51 0.0008477494 0.0008477494    11618    34857    58097
   26    52 0.0008477494 0.0008477494    11618    34857    58097
   26    53 0.0008477494 0.0008477494    11618    34857    58097
   27    51 0.0008477494 0.0008477494    11618    34857    58097
   27    52 0.0008477494 0.0008477494    11618    34857    58097
   27    53 0.0008477494 0.0008477494    11618    34857    58097
   28    54 0.0008477494 0.0008477494    11618    34857    58097
   28    55 0.0008477494 0.0008477494    11618    34857    58097
   28    56 0.0008477494 0.0008477494    11618    34857    58097
   29    54 0.0008477494 0.0008477494    11618    34857    58097
   29    55 0.0008477494 0.0008477494    11618    34857    58097
   29    56 0.0008477494 0.0008477494    11618    34857    58097
   30    57 0.0008477494 0.0008477494    11618    34857    58097
   30    58 0.0008477494 0.0008477494    11618    34857    58097
   30    59 0.0008477494 0.0008477494    11618    34857    58097
   31    57 0.0008477494 0.0008477494    11618    34857    58097
   31    58 0.0008477494 0.0008477494    11618    34857    58097
   31    59 0.0008477494 0.0008477494    11618    34857    58097
   32    60 0.0008477494 0.0008477494    11618    34857    58097
   32    61 0.0008477494 0.0008477494    11618    34857    58097
   32    62 0.0008477494 0.0008477494    11618    34857    58097
   33    60 0.0008477494 0.0008477494    11618    34857    58097
   33    61 0.0008477494 0.0008477494    11618    34857    58097
   33    62 0.0008477494 0.0008477494    11618    34857    58097
   34    63 0.0008477494 0.0008477494    11618    34857    58097
   34    64 0.0008477494 0.0008477494    11618    34857    58097
   34    65 0.0008477494 0.0008477494    11618    34857    58097
   35    63 0.0008477494 0.0008477494    11618    34857    58097
   35    64 0.0008477494 0.0008477494    11618    34857    58097
   35    65 0.0008477494 0.0008477494    11618    34857    58097
   36    24 0.0033909975 0.0033909975    11618    34857    58097
   37    25 0.0033909975 0.0033909975    11618    34857    58097
   38    26 0.0033909975 0.0033909975    11618    34857    58097
   39    27 0.0033909975 0.0033909975    11618    34857    58097
   40    28 0.0033909975 0.0033909975    11618    34857    58097
   41    29 0.0033909975 0.0033909975    11618    34857    58097
   42    30 0.0033909975 0.0033909975    11618    34857    58097
   43    31 0.0033909975 0.0033909975    11618    34857    58097
   44    32 0.0033909975 0.0033909975    11618    34857    58097
   45    33 0.0033909975 0.0033909975    11618    34857    58097
   46    34 0.0033909975 0.0033909975    11618    34857    58097
   47    35 0.0033909975 0.0033909975    11618    34857    58097
   51    48 0.0033909975 0.0033909975    34857    58096    58097
   52    49 0.0033909975 0.0033909975    34857    58096    58097
   53    50 0.0033909975 0.0033909975    34857    58096    58097
   54    48 0.0033909975 0.0033909975    34857    58096    58097
   55    49 0.0033909975 0.0033909975    34857    58096    58097
   56    50 0.0033909975 0.0033909975    34857    58096    58097
   57    48 0.0033909975 0.0033909975    34857    58096    58097
   58    49 0.0033909975 0.0033909975    34857    58096    58097
   59    50 0.0033909975 0.0033909975    34857    58096    58097
   60    48 0.0033909975 0.0033909975    34857    58096    58097
   61    49 0.0033909975 0.0033909975    34857    58096    58097
   62    50 0.0033909975 0.0033909975    34857    58096    58097
   63    48 0.0033909975 0.0033909975    34857    58096    58097
   64    49 0.0033909975 0.0033909975    34857    58096    58097
   65    50 0.0033909975 0.0033909975    34857    58096    58097
