% vitsmall_encoder1  crossbar 128x128  mesh 6x6x3 (108 nodes)
% generated by stage2_core.py -- see STAGE2.md
% run with:  -size 16 16 -dimx 6 -dimy 6 -dimz 3 -traffic table traffics_dnn_packing/vitsmall_encoder1_xb128_6x6x3_c16r4s4.txt
% sweep with: WARMUP_DP_CYCLES=3 SIM_DP_CYCLES=80  (DP_CYCLE=648, SIM=51840, 0.9 block passes measured)
% LOAD_SCALE=0.05  CYCLES_PER_MAC=0.0002  t_period=58097
% phases:  q=[0,5809)  k=[0,5809)  v=[0,5809)  o=[5809,11618)  ff1=[11618,34857)  ff2=[34857,58096)  attn_res=[0,11618)  ffn_res=[11618,58096)
% src dst pir por t_on t_off t_period
    0     1 0.0101756198 0.0101756198        0     5809    58097
    0     2 0.0101756198 0.0101756198        0     5809    58097
    0     3 0.0101756198 0.0101756198        0     5809    58097
    0     4 0.0101756198 0.0101756198        0     5809    58097
    0     5 0.0101756198 0.0101756198        0     5809    58097
    0     6 0.0101756198 0.0101756198        0     5809    58097
    0     7 0.0101756198 0.0101756198        0     5809    58097
    0     8 0.0101756198 0.0101756198        0     5809    58097
    0     9 0.0101756198 0.0101756198        0     5809    58097
    0    10 0.0101756198 0.0101756198        0     5809    58097
    0    11 0.0101756198 0.0101756198        0     5809    58097
    0    12 0.0101756198 0.0101756198        0     5809    58097
    0    13 0.0101756198 0.0101756198        0     5809    58097
    0    14 0.0101756198 0.0101756198        0     5809    58097
    0    15 0.0101756198 0.0101756198        0     5809    58097
    0    16 0.0101756198 0.0101756198        0     5809    58097
    0    17 0.0101756198 0.0101756198        0     5809    58097
    0    18 0.0008478953 0.0008478953        0    11618    58097
    0    19 0.0008478953 0.0008478953        0    11618    58097
    0    20 0.0008478953 0.0008478953        0    11618    58097
    0    21 0.0008478953 0.0008478953        0    11618    58097
    0    22 0.0008478953 0.0008478953        0    11618    58097
    0    23 0.0008478953 0.0008478953        0    11618    58097
   12    18 0.0016959366 0.0016959366        0     5809    58097
   12    19 0.0016959366 0.0016959366        0     5809    58097
   12    20 0.0016959366 0.0016959366        0     5809    58097
   12    21 0.0016959366 0.0016959366        0     5809    58097
   12    22 0.0016959366 0.0016959366        0     5809    58097
   12    23 0.0016959366 0.0016959366        0     5809    58097
   13    18 0.0016959366 0.0016959366        0     5809    58097
   13    19 0.0016959366 0.0016959366        0     5809    58097
   13    20 0.0016959366 0.0016959366        0     5809    58097
   13    21 0.0016959366 0.0016959366        0     5809    58097
   13    22 0.0016959366 0.0016959366        0     5809    58097
   13    23 0.0016959366 0.0016959366        0     5809    58097
   14    18 0.0016959366 0.0016959366        0     5809    58097
   14    19 0.0016959366 0.0016959366        0     5809    58097
   14    20 0.0016959366 0.0016959366        0     5809    58097
   14    21 0.0016959366 0.0016959366        0     5809    58097
   14    22 0.0016959366 0.0016959366        0     5809    58097
   14    23 0.0016959366 0.0016959366        0     5809    58097
   15    18 0.0016959366 0.0016959366        0     5809    58097
   15    19 0.0016959366 0.0016959366        0     5809    58097
   15    20 0.0016959366 0.0016959366        0     5809    58097
   15    21 0.0016959366 0.0016959366        0     5809    58097
   15    22 0.0016959366 0.0016959366        0     5809    58097
   15    23 0.0016959366 0.0016959366        0     5809    58097
   16    18 0.0016959366 0.0016959366        0     5809    58097
   16    19 0.0016959366 0.0016959366        0     5809    58097
   16    20 0.0016959366 0.0016959366        0     5809    58097
   16    21 0.0016959366 0.0016959366        0     5809    58097
   16    22 0.0016959366 0.0016959366        0     5809    58097
   16    23 0.0016959366 0.0016959366        0     5809    58097
   17    18 0.0016959366 0.0016959366        0     5809    58097
   17    19 0.0016959366 0.0016959366        0     5809    58097
   17    20 0.0016959366 0.0016959366        0     5809    58097
   17    21 0.0016959366 0.0016959366        0     5809    58097
   17    22 0.0016959366 0.0016959366        0     5809    58097
   17    23 0.0016959366 0.0016959366        0     5809    58097
   18    24 0.0016959366 0.0016959366     5809    11618    58097
   18    25 0.0016959366 0.0016959366     5809    11618    58097
   18    26 0.0016959366 0.0016959366     5809    11618    58097
   18    27 0.0016959366 0.0016959366     5809    11618    58097
   18    28 0.0016959366 0.0016959366     5809    11618    58097
   18    29 0.0016959366 0.0016959366     5809    11618    58097
   18    30 0.0016959366 0.0016959366     5809    11618    58097
   18    31 0.0016959366 0.0016959366     5809    11618    58097
   18    32 0.0016959366 0.0016959366     5809    11618    58097
   18    33 0.0016959366 0.0016959366     5809    11618    58097
   18    34 0.0016959366 0.0016959366     5809    11618    58097
   18    35 0.0016959366 0.0016959366     5809    11618    58097
   18    36 0.0016959366 0.0016959366     5809    11618    58097
   18    37 0.0016959366 0.0016959366     5809    11618    58097
   18    38 0.0016959366 0.0016959366     5809    11618    58097
   18    39 0.0016959366 0.0016959366     5809    11618    58097
   18    40 0.0016959366 0.0016959366     5809    11618    58097
   18    41 0.0016959366 0.0016959366     5809    11618    58097
   18    42 0.0016959366 0.0016959366     5809    11618    58097
   18    43 0.0016959366 0.0016959366     5809    11618    58097
   18    44 0.0016959366 0.0016959366     5809    11618    58097
   18    45 0.0016959366 0.0016959366     5809    11618    58097
   18    46 0.0016959366 0.0016959366     5809    11618    58097
   18    47 0.0016959366 0.0016959366     5809    11618    58097
   18    48 0.0002119328 0.0002119328    11618    58096    58097
   19    24 0.0016959366 0.0016959366     5809    11618    58097
   19    25 0.0016959366 0.0016959366     5809    11618    58097
   19    26 0.0016959366 0.0016959366     5809    11618    58097
   19    27 0.0016959366 0.0016959366     5809    11618    58097
   19    28 0.0016959366 0.0016959366     5809    11618    58097
   19    29 0.0016959366 0.0016959366     5809    11618    58097
   19    30 0.0016959366 0.0016959366     5809    11618    58097
   19    31 0.0016959366 0.0016959366     5809    11618    58097
   19    32 0.0016959366 0.0016959366     5809    11618    58097
   19    33 0.0016959366 0.0016959366     5809    11618    58097
   19    34 0.0016959366 0.0016959366     5809    11618    58097
   19    35 0.0016959366 0.0016959366     5809    11618    58097
   19    36 0.0016959366 0.0016959366     5809    11618    58097
   19    37 0.0016959366 0.0016959366     5809    11618    58097
   19    38 0.0016959366 0.0016959366     5809    11618    58097
   19    39 0.0016959366 0.0016959366     5809    11618    58097
   19    40 0.0016959366 0.0016959366     5809    11618    58097
   19    41 0.0016959366 0.0016959366     5809    11618    58097
   19    42 0.0016959366 0.0016959366     5809    11618    58097
   19    43 0.0016959366 0.0016959366     5809    11618    58097
   19    44 0.0016959366 0.0016959366     5809    11618    58097
   19    45 0.0016959366 0.0016959366     5809    11618    58097
   19    46 0.0016959366 0.0016959366     5809    11618    58097
   19    47 0.0016959366 0.0016959366     5809    11618    58097
   19    49 0.0002119328 0.0002119328    11618    58096    58097
   20    24 0.0016959366 0.0016959366     5809    11618    58097
   20    25 0.0016959366 0.0016959366     5809    11618    58097
   20    26 0.0016959366 0.0016959366     5809    11618    58097
   20    27 0.0016959366 0.0016959366     5809    11618    58097
   20    28 0.0016959366 0.0016959366     5809    11618    58097
   20    29 0.0016959366 0.0016959366     5809    11618    58097
   20    30 0.0016959366 0.0016959366     5809    11618    58097
   20    31 0.0016959366 0.0016959366     5809    11618    58097
   20    32 0.0016959366 0.0016959366     5809    11618    58097
   20    33 0.0016959366 0.0016959366     5809    11618    58097
   20    34 0.0016959366 0.0016959366     5809    11618    58097
   20    35 0.0016959366 0.0016959366     5809    11618    58097
   20    36 0.0016959366 0.0016959366     5809    11618    58097
   20    37 0.0016959366 0.0016959366     5809    11618    58097
   20    38 0.0016959366 0.0016959366     5809    11618    58097
   20    39 0.0016959366 0.0016959366     5809    11618    58097
   20    40 0.0016959366 0.0016959366     5809    11618    58097
   20    41 0.0016959366 0.0016959366     5809    11618    58097
   20    42 0.0016959366 0.0016959366     5809    11618    58097
   20    43 0.0016959366 0.0016959366     5809    11618    58097
   20    44 0.0016959366 0.0016959366     5809    11618    58097
   20    45 0.0016959366 0.0016959366     5809    11618    58097
   20    46 0.0016959366 0.0016959366     5809    11618    58097
   20    47 0.0016959366 0.0016959366     5809    11618    58097
   20    50 0.0002119328 0.0002119328    11618    58096    58097
   21    24 0.0016959366 0.0016959366     5809    11618    58097
   21    25 0.0016959366 0.0016959366     5809    11618    58097
   21    26 0.0016959366 0.0016959366     5809    11618    58097
   21    27 0.0016959366 0.0016959366     5809    11618    58097
   21    28 0.0016959366 0.0016959366     5809    11618    58097
   21    29 0.0016959366 0.0016959366     5809    11618    58097
   21    30 0.0016959366 0.0016959366     5809    11618    58097
   21    31 0.0016959366 0.0016959366     5809    11618    58097
   21    32 0.0016959366 0.0016959366     5809    11618    58097
   21    33 0.0016959366 0.0016959366     5809    11618    58097
   21    34 0.0016959366 0.0016959366     5809    11618    58097
   21    35 0.0016959366 0.0016959366     5809    11618    58097
   21    36 0.0016959366 0.0016959366     5809    11618    58097
   21    37 0.0016959366 0.0016959366     5809    11618    58097
   21    38 0.0016959366 0.0016959366     5809    11618    58097
   21    39 0.0016959366 0.0016959366     5809    11618    58097
   21    40 0.0016959366 0.0016959366     5809    11618    58097
   21    41 0.0016959366 0.0016959366     5809    11618    58097
   21    42 0.0016959366 0.0016959366     5809    11618    58097
   21    43 0.0016959366 0.0016959366     5809    11618    58097
   21    44 0.0016959366 0.0016959366     5809    11618    58097
   21    45 0.0016959366 0.0016959366     5809    11618    58097
   21    46 0.0016959366 0.0016959366     5809    11618    58097
   21    47 0.0016959366 0.0016959366     5809    11618    58097
   21    51 0.0002119328 0.0002119328    11618    58096    58097
   22    24 0.0016959366 0.0016959366     5809    11618    58097
   22    25 0.0016959366 0.0016959366     5809    11618    58097
   22    26 0.0016959366 0.0016959366     5809    11618    58097
   22    27 0.0016959366 0.0016959366     5809    11618    58097
   22    28 0.0016959366 0.0016959366     5809    11618    58097
   22    29 0.0016959366 0.0016959366     5809    11618    58097
   22    30 0.0016959366 0.0016959366     5809    11618    58097
   22    31 0.0016959366 0.0016959366     5809    11618    58097
   22    32 0.0016959366 0.0016959366     5809    11618    58097
   22    33 0.0016959366 0.0016959366     5809    11618    58097
   22    34 0.0016959366 0.0016959366     5809    11618    58097
   22    35 0.0016959366 0.0016959366     5809    11618    58097
   22    36 0.0016959366 0.0016959366     5809    11618    58097
   22    37 0.0016959366 0.0016959366     5809    11618    58097
   22    38 0.0016959366 0.0016959366     5809    11618    58097
   22    39 0.0016959366 0.0016959366     5809    11618    58097
   22    40 0.0016959366 0.0016959366     5809    11618    58097
   22    41 0.0016959366 0.0016959366     5809    11618    58097
   22    42 0.0016959366 0.0016959366     5809    11618    58097
   22    43 0.0016959366 0.0016959366     5809    11618    58097
   22    44 0.0016959366 0.0016959366     5809    11618    58097
   22    45 0.0016959366 0.0016959366     5809    11618    58097
   22    46 0.0016959366 0.0016959366     5809    11618    58097
   22    47 0.0016959366 0.0016959366     5809    11618    58097
   22    52 0.0002119328 0.0002119328    11618    58096    58097
   23    24 0.0016959366 0.0016959366     5809    11618    58097
   23    25 0.0016959366 0.0016959366     5809    11618    58097
   23    26 0.0016959366 0.0016959366     5809    11618    58097
   23    27 0.0016959366 0.0016959366     5809    11618    58097
   23    28 0.0016959366 0.0016959366     5809    11618    58097
   23    29 0.0016959366 0.0016959366     5809    11618    58097
   23    30 0.0016959366 0.0016959366     5809    11618    58097
   23    31 0.0016959366 0.0016959366     5809    11618    58097
   23    32 0.0016959366 0.0016959366     5809    11618    58097
   23    33 0.0016959366 0.0016959366     5809    11618    58097
   23    34 0.0016959366 0.0016959366     5809    11618    58097
   23    35 0.0016959366 0.0016959366     5809    11618    58097
   23    36 0.0016959366 0.0016959366     5809    11618    58097
   23    37 0.0016959366 0.0016959366     5809    11618    58097
   23    38 0.0016959366 0.0016959366     5809    11618    58097
   23    39 0.0016959366 0.0016959366     5809    11618    58097
   23    40 0.0016959366 0.0016959366     5809    11618    58097
   23    41 0.0016959366 0.0016959366     5809    11618    58097
   23    42 0.0016959366 0.0016959366     5809    11618    58097
   23    43 0.0016959366 0.0016959366     5809    11618    58097
   23    44 0.0016959366 0.0016959366     5809    11618    58097
   23    45 0.0016959366 0.0016959366     5809    11618    58097
   23    46 0.0016959366 0.0016959366     5809    11618    58097
   23    47 0.0016959366 0.0016959366     5809    11618    58097
   23    53 0.0002119328 0.0002119328    11618    58096    58097
   24    48 0.0004238747 0.0004238747    11618    34857    58097
   24    49 0.0004238747 0.0004238747    11618    34857    58097
   24    50 0.0004238747 0.0004238747    11618    34857    58097
   24    51 0.0004238747 0.0004238747    11618    34857    58097
   24    52 0.0004238747 0.0004238747    11618    34857    58097
   24    53 0.0004238747 0.0004238747    11618    34857    58097
   25    48 0.0004238747 0.0004238747    11618    34857    58097
   25    49 0.0004238747 0.0004238747    11618    34857    58097
   25    50 0.0004238747 0.0004238747    11618    34857    58097
   25    51 0.0004238747 0.0004238747    11618    34857    58097
   25    52 0.0004238747 0.0004238747    11618    34857    58097
   25    53 0.0004238747 0.0004238747    11618    34857    58097
   26    48 0.0004238747 0.0004238747    11618    34857    58097
   26    49 0.0004238747 0.0004238747    11618    34857    58097
   26    50 0.0004238747 0.0004238747    11618    34857    58097
   26    51 0.0004238747 0.0004238747    11618    34857    58097
   26    52 0.0004238747 0.0004238747    11618    34857    58097
   26    53 0.0004238747 0.0004238747    11618    34857    58097
   27    48 0.0004238747 0.0004238747    11618    34857    58097
   27    49 0.0004238747 0.0004238747    11618    34857    58097
   27    50 0.0004238747 0.0004238747    11618    34857    58097
   27    51 0.0004238747 0.0004238747    11618    34857    58097
   27    52 0.0004238747 0.0004238747    11618    34857    58097
   27    53 0.0004238747 0.0004238747    11618    34857    58097
   28    48 0.0004238747 0.0004238747    11618    34857    58097
   28    49 0.0004238747 0.0004238747    11618    34857    58097
   28    50 0.0004238747 0.0004238747    11618    34857    58097
   28    51 0.0004238747 0.0004238747    11618    34857    58097
   28    52 0.0004238747 0.0004238747    11618    34857    58097
   28    53 0.0004238747 0.0004238747    11618    34857    58097
   29    48 0.0004238747 0.0004238747    11618    34857    58097
   29    49 0.0004238747 0.0004238747    11618    34857    58097
   29    50 0.0004238747 0.0004238747    11618    34857    58097
   29    51 0.0004238747 0.0004238747    11618    34857    58097
   29    52 0.0004238747 0.0004238747    11618    34857    58097
   29    53 0.0004238747 0.0004238747    11618    34857    58097
   30    48 0.0004238747 0.0004238747    11618    34857    58097
   30    49 0.0004238747 0.0004238747    11618    34857    58097
   30    50 0.0004238747 0.0004238747    11618    34857    58097
   30    51 0.0004238747 0.0004238747    11618    34857    58097
   30    52 0.0004238747 0.0004238747    11618    34857    58097
   30    53 0.0004238747 0.0004238747    11618    34857    58097
   31    48 0.0004238747 0.0004238747    11618    34857    58097
   31    49 0.0004238747 0.0004238747    11618    34857    58097
   31    50 0.0004238747 0.0004238747    11618    34857    58097
   31    51 0.0004238747 0.0004238747    11618    34857    58097
   31    52 0.0004238747 0.0004238747    11618    34857    58097
   31    53 0.0004238747 0.0004238747    11618    34857    58097
   32    54 0.0004238747 0.0004238747    11618    34857    58097
   32    55 0.0004238747 0.0004238747    11618    34857    58097
   32    56 0.0004238747 0.0004238747    11618    34857    58097
   32    57 0.0004238747 0.0004238747    11618    34857    58097
   32    58 0.0004238747 0.0004238747    11618    34857    58097
   32    59 0.0004238747 0.0004238747    11618    34857    58097
   33    54 0.0004238747 0.0004238747    11618    34857    58097
   33    55 0.0004238747 0.0004238747    11618    34857    58097
   33    56 0.0004238747 0.0004238747    11618    34857    58097
   33    57 0.0004238747 0.0004238747    11618    34857    58097
   33    58 0.0004238747 0.0004238747    11618    34857    58097
   33    59 0.0004238747 0.0004238747    11618    34857    58097
   34    54 0.0004238747 0.0004238747    11618    34857    58097
   34    55 0.0004238747 0.0004238747    11618    34857    58097
   34    56 0.0004238747 0.0004238747    11618    34857    58097
   34    57 0.0004238747 0.0004238747    11618    34857    58097
   34    58 0.0004238747 0.0004238747    11618    34857    58097
   34    59 0.0004238747 0.0004238747    11618    34857    58097
   35    54 0.0004238747 0.0004238747    11618    34857    58097
   35    55 0.0004238747 0.0004238747    11618    34857    58097
   35    56 0.0004238747 0.0004238747    11618    34857    58097
   35    57 0.0004238747 0.0004238747    11618    34857    58097
   35    58 0.0004238747 0.0004238747    11618    34857    58097
   35    59 0.0004238747 0.0004238747    11618    34857    58097
   36    54 0.0004238747 0.0004238747    11618    34857    58097
   36    55 0.0004238747 0.0004238747    11618    34857    58097
   36    56 0.0004238747 0.0004238747    11618    34857    58097
   36    57 0.0004238747 0.0004238747    11618    34857    58097
   36    58 0.0004238747 0.0004238747    11618    34857    58097
   36    59 0.0004238747 0.0004238747    11618    34857    58097
   37    54 0.0004238747 0.0004238747    11618    34857    58097
   37    55 0.0004238747 0.0004238747    11618    34857    58097
   37    56 0.0004238747 0.0004238747    11618    34857    58097
   37    57 0.0004238747 0.0004238747    11618    34857    58097
   37    58 0.0004238747 0.0004238747    11618    34857    58097
   37    59 0.0004238747 0.0004238747    11618    34857    58097
   38    54 0.0004238747 0.0004238747    11618    34857    58097
   38    55 0.0004238747 0.0004238747    11618    34857    58097
   38    56 0.0004238747 0.0004238747    11618    34857    58097
   38    57 0.0004238747 0.0004238747    11618    34857    58097
   38    58 0.0004238747 0.0004238747    11618    34857    58097
   38    59 0.0004238747 0.0004238747    11618    34857    58097
   39    54 0.0004238747 0.0004238747    11618    34857    58097
   39    55 0.0004238747 0.0004238747    11618    34857    58097
   39    56 0.0004238747 0.0004238747    11618    34857    58097
   39    57 0.0004238747 0.0004238747    11618    34857    58097
   39    58 0.0004238747 0.0004238747    11618    34857    58097
   39    59 0.0004238747 0.0004238747    11618    34857    58097
   40    60 0.0004238747 0.0004238747    11618    34857    58097
   40    61 0.0004238747 0.0004238747    11618    34857    58097
   40    62 0.0004238747 0.0004238747    11618    34857    58097
   40    63 0.0004238747 0.0004238747    11618    34857    58097
   40    64 0.0004238747 0.0004238747    11618    34857    58097
   40    65 0.0004238747 0.0004238747    11618    34857    58097
   41    60 0.0004238747 0.0004238747    11618    34857    58097
   41    61 0.0004238747 0.0004238747    11618    34857    58097
   41    62 0.0004238747 0.0004238747    11618    34857    58097
   41    63 0.0004238747 0.0004238747    11618    34857    58097
   41    64 0.0004238747 0.0004238747    11618    34857    58097
   41    65 0.0004238747 0.0004238747    11618    34857    58097
   42    60 0.0004238747 0.0004238747    11618    34857    58097
   42    61 0.0004238747 0.0004238747    11618    34857    58097
   42    62 0.0004238747 0.0004238747    11618    34857    58097
   42    63 0.0004238747 0.0004238747    11618    34857    58097
   42    64 0.0004238747 0.0004238747    11618    34857    58097
   42    65 0.0004238747 0.0004238747    11618    34857    58097
   43    60 0.0004238747 0.0004238747    11618    34857    58097
   43    61 0.0004238747 0.0004238747    11618    34857    58097
   43    62 0.0004238747 0.0004238747    11618    34857    58097
   43    63 0.0004238747 0.0004238747    11618    34857    58097
   43    64 0.0004238747 0.0004238747    11618    34857    58097
   43    65 0.0004238747 0.0004238747    11618    34857    58097
   44    60 0.0004238747 0.0004238747    11618    34857    58097
   44    61 0.0004238747 0.0004238747    11618    34857    58097
   44    62 0.0004238747 0.0004238747    11618    34857    58097
   44    63 0.0004238747 0.0004238747    11618    34857    58097
   44    64 0.0004238747 0.0004238747    11618    34857    58097
   44    65 0.0004238747 0.0004238747    11618    34857    58097
   45    60 0.0004238747 0.0004238747    11618    34857    58097
   45    61 0.0004238747 0.0004238747    11618    34857    58097
   45    62 0.0004238747 0.0004238747    11618    34857    58097
   45    63 0.0004238747 0.0004238747    11618    34857    58097
   45    64 0.0004238747 0.0004238747    11618    34857    58097
   45    65 0.0004238747 0.0004238747    11618    34857    58097
   46    60 0.0004238747 0.0004238747    11618    34857    58097
   46    61 0.0004238747 0.0004238747    11618    34857    58097
   46    62 0.0004238747 0.0004238747    11618    34857    58097
   46    63 0.0004238747 0.0004238747    11618    34857    58097
   46    64 0.0004238747 0.0004238747    11618    34857    58097
   46    65 0.0004238747 0.0004238747    11618    34857    58097
   47    60 0.0004238747 0.0004238747    11618    34857    58097
   47    61 0.0004238747 0.0004238747    11618    34857    58097
   47    62 0.0004238747 0.0004238747    11618    34857    58097
   47    63 0.0004238747 0.0004238747    11618    34857    58097
   47    64 0.0004238747 0.0004238747    11618    34857    58097
   47    65 0.0004238747 0.0004238747    11618    34857    58097
   54    48 0.0016954988 0.0016954988    34857    58096    58097
   55    49 0.0016954988 0.0016954988    34857    58096    58097
   56    50 0.0016954988 0.0016954988    34857    58096    58097
   57    51 0.0016954988 0.0016954988    34857    58096    58097
   58    52 0.0016954988 0.0016954988    34857    58096    58097
   59    53 0.0016954988 0.0016954988    34857    58096    58097
   60    48 0.0016954988 0.0016954988    34857    58096    58097
   61    49 0.0016954988 0.0016954988    34857    58096    58097
   62    50 0.0016954988 0.0016954988    34857    58096    58097
   63    51 0.0016954988 0.0016954988    34857    58096    58097
   64    52 0.0016954988 0.0016954988    34857    58096    58097
   65    53 0.0016954988 0.0016954988    34857    58096    58097
