% vitsmall_encoder1  crossbar 128x128  mesh 6x6x3 (108 nodes)
% generated by stage2_core.py -- see STAGE2.md
% run with:  -size 16 16 -dimx 6 -dimy 6 -dimz 3 -traffic table traffics_dnn_packing/vitsmall_encoder1_xb128_6x6x3_c32r1s32.txt
% sweep with: WARMUP_DP_CYCLES=3 SIM_DP_CYCLES=80  (DP_CYCLE=648, SIM=51840, 0.9 block passes measured)
% LOAD_SCALE=0.05  CYCLES_PER_MAC=0.0002  t_period=58097
% phases:  q=[0,5809)  k=[0,5809)  v=[0,5809)  o=[5809,11618)  ff1=[11618,34857)  ff2=[34857,58096)  attn_res=[0,11618)  ffn_res=[11618,58096)
% src dst pir por t_on t_off t_period
    0     3 0.0033918733 0.0033918733        0     5809    58097
    0     6 0.0033918733 0.0033918733        0     5809    58097
    0     9 0.0016957907 0.0016957907        0    11618    58097
    1     0 0.0407024793 0.0407024793        0     5809    58097
    1     4 0.0033918733 0.0033918733        0     5809    58097
    1     7 0.0033918733 0.0033918733        0     5809    58097
    1     9 0.0016957907 0.0016957907        0    11618    58097
    2     0 0.0407024793 0.0407024793        0     5809    58097
    2     5 0.0033918733 0.0033918733        0     5809    58097
    2     8 0.0033918733 0.0033918733        0     5809    58097
    2     9 0.0016957907 0.0016957907        0    11618    58097
    4     3 0.0407024793 0.0407024793        0     5809    58097
    5     3 0.0407024793 0.0407024793        0     5809    58097
    6     9 0.0033918733 0.0033918733        0     5809    58097
    6    10 0.0033918733 0.0033918733        0     5809    58097
    6    11 0.0033918733 0.0033918733        0     5809    58097
    7     6 0.0407024793 0.0407024793        0     5809    58097
    8     6 0.0407024793 0.0407024793        0     5809    58097
    9    12 0.0033918733 0.0033918733     5809    11618    58097
    9    13 0.0033918733 0.0033918733     5809    11618    58097
    9    14 0.0033918733 0.0033918733     5809    11618    58097
    9    15 0.0033918733 0.0033918733     5809    11618    58097
    9    16 0.0033918733 0.0033918733     5809    11618    58097
    9    17 0.0033918733 0.0033918733     5809    11618    58097
    9    18 0.0033918733 0.0033918733     5809    11618    58097
    9    19 0.0033918733 0.0033918733     5809    11618    58097
    9    20 0.0033918733 0.0033918733     5809    11618    58097
    9    21 0.0012715967 0.0012715967    11618    58096    58097
   10     9 0.0407024793 0.0407024793     5809    11618    58097
   11     9 0.0407024793 0.0407024793     5809    11618    58097
   12    21 0.0008477494 0.0008477494    11618    34857    58097
   12    22 0.0008477494 0.0008477494    11618    34857    58097
   12    23 0.0008477494 0.0008477494    11618    34857    58097
   12    24 0.0008477494 0.0008477494    11618    34857    58097
   13    25 0.0008477494 0.0008477494    11618    34857    58097
   13    26 0.0008477494 0.0008477494    11618    34857    58097
   13    27 0.0008477494 0.0008477494    11618    34857    58097
   13    28 0.0008477494 0.0008477494    11618    34857    58097
   14    29 0.0008477494 0.0008477494    11618    34857    58097
   14    30 0.0008477494 0.0008477494    11618    34857    58097
   14    31 0.0008477494 0.0008477494    11618    34857    58097
   14    32 0.0008477494 0.0008477494    11618    34857    58097
   15    12 0.0135639900 0.0135639900    11618    34857    58097
   16    13 0.0135639900 0.0135639900    11618    34857    58097
   17    14 0.0135639900 0.0135639900    11618    34857    58097
   18    12 0.0135639900 0.0135639900    11618    34857    58097
   19    13 0.0135639900 0.0135639900    11618    34857    58097
   20    14 0.0135639900 0.0135639900    11618    34857    58097
   22    21 0.0101729925 0.0101729925    34857    58096    58097
   23    21 0.0101729925 0.0101729925    34857    58096    58097
   24    21 0.0101729925 0.0101729925    34857    58096    58097
   25    21 0.0101729925 0.0101729925    34857    58096    58097
   26    21 0.0101729925 0.0101729925    34857    58096    58097
   27    21 0.0101729925 0.0101729925    34857    58096    58097
   28    21 0.0101729925 0.0101729925    34857    58096    58097
   29    21 0.0101729925 0.0101729925    34857    58096    58097
   30    21 0.0101729925 0.0101729925    34857    58096    58097
   31    21 0.0101729925 0.0101729925    34857    58096    58097
   32    21 0.0101729925 0.0101729925    34857    58096    58097
