% vitsmall_encoder1  crossbar 128x128  mesh 6x6x3 (108 nodes)
% generated by stage2_core.py -- see STAGE2.md
% run with:  -size 16 16 -dimx 6 -dimy 6 -dimz 3 -traffic table traffics_dnn_packing/vitsmall_encoder1_xb128_6x6x3_c8r1s8.txt
% sweep with: WARMUP_DP_CYCLES=3 SIM_DP_CYCLES=80  (DP_CYCLE=648, SIM=51840, 0.9 block passes measured)
% LOAD_SCALE=0.05  CYCLES_PER_MAC=0.0002  t_period=58097
% phases:  q=[0,5809)  k=[0,5809)  v=[0,5809)  o=[5809,11618)  ff1=[11618,34857)  ff2=[34857,58096)  attn_res=[0,11618)  ffn_res=[11618,58096)
% src dst pir por t_on t_off t_period
    0     1 0.0033918733 0.0033918733        0     5809    58097
    0     2 0.0033918733 0.0033918733        0     5809    58097
    0     9 0.0033918733 0.0033918733        0     5809    58097
    0    10 0.0033918733 0.0033918733        0     5809    58097
    0    11 0.0033918733 0.0033918733        0     5809    58097
    0    18 0.0033918733 0.0033918733        0     5809    58097
    0    19 0.0033918733 0.0033918733        0     5809    58097
    0    20 0.0033918733 0.0033918733        0     5809    58097
    0    27 0.0016957907 0.0016957907        0    11618    58097
    3     0 0.0135674931 0.0135674931        0     5809    58097
    3     4 0.0033918733 0.0033918733        0     5809    58097
    3     5 0.0033918733 0.0033918733        0     5809    58097
    3    12 0.0033918733 0.0033918733        0     5809    58097
    3    13 0.0033918733 0.0033918733        0     5809    58097
    3    14 0.0033918733 0.0033918733        0     5809    58097
    3    21 0.0033918733 0.0033918733        0     5809    58097
    3    22 0.0033918733 0.0033918733        0     5809    58097
    3    23 0.0033918733 0.0033918733        0     5809    58097
    3    28 0.0016957907 0.0016957907        0    11618    58097
    4     1 0.0135674931 0.0135674931        0     5809    58097
    5     2 0.0135674931 0.0135674931        0     5809    58097
    6     0 0.0135674931 0.0135674931        0     5809    58097
    6     7 0.0033918733 0.0033918733        0     5809    58097
    6     8 0.0033918733 0.0033918733        0     5809    58097
    6    15 0.0033918733 0.0033918733        0     5809    58097
    6    16 0.0033918733 0.0033918733        0     5809    58097
    6    17 0.0033918733 0.0033918733        0     5809    58097
    6    24 0.0033918733 0.0033918733        0     5809    58097
    6    25 0.0033918733 0.0033918733        0     5809    58097
    6    26 0.0033918733 0.0033918733        0     5809    58097
    6    29 0.0016957907 0.0016957907        0    11618    58097
    7     1 0.0135674931 0.0135674931        0     5809    58097
    8     2 0.0135674931 0.0135674931        0     5809    58097
   12     9 0.0135674931 0.0135674931        0     5809    58097
   13    10 0.0135674931 0.0135674931        0     5809    58097
   14    11 0.0135674931 0.0135674931        0     5809    58097
   15     9 0.0135674931 0.0135674931        0     5809    58097
   16    10 0.0135674931 0.0135674931        0     5809    58097
   17    11 0.0135674931 0.0135674931        0     5809    58097
   18    27 0.0033918733 0.0033918733        0     5809    58097
   18    28 0.0033918733 0.0033918733        0     5809    58097
   18    29 0.0033918733 0.0033918733        0     5809    58097
   19    30 0.0033918733 0.0033918733        0     5809    58097
   19    31 0.0033918733 0.0033918733        0     5809    58097
   19    32 0.0033918733 0.0033918733        0     5809    58097
   20    33 0.0033918733 0.0033918733        0     5809    58097
   20    34 0.0033918733 0.0033918733        0     5809    58097
   20    35 0.0033918733 0.0033918733        0     5809    58097
   21    18 0.0135674931 0.0135674931        0     5809    58097
   22    19 0.0135674931 0.0135674931        0     5809    58097
   23    20 0.0135674931 0.0135674931        0     5809    58097
   24    18 0.0135674931 0.0135674931        0     5809    58097
   25    19 0.0135674931 0.0135674931        0     5809    58097
   26    20 0.0135674931 0.0135674931        0     5809    58097
   27    36 0.0033918733 0.0033918733     5809    11618    58097
   27    37 0.0033918733 0.0033918733     5809    11618    58097
   27    38 0.0033918733 0.0033918733     5809    11618    58097
   27    39 0.0033918733 0.0033918733     5809    11618    58097
   27    40 0.0033918733 0.0033918733     5809    11618    58097
   27    41 0.0033918733 0.0033918733     5809    11618    58097
   27    42 0.0033918733 0.0033918733     5809    11618    58097
   27    43 0.0033918733 0.0033918733     5809    11618    58097
   27    44 0.0033918733 0.0033918733     5809    11618    58097
   27    45 0.0033918733 0.0033918733     5809    11618    58097
   27    46 0.0033918733 0.0033918733     5809    11618    58097
   27    47 0.0033918733 0.0033918733     5809    11618    58097
   27    72 0.0004238656 0.0004238656    11618    58096    58097
   28    48 0.0033918733 0.0033918733     5809    11618    58097
   28    49 0.0033918733 0.0033918733     5809    11618    58097
   28    50 0.0033918733 0.0033918733     5809    11618    58097
   28    51 0.0033918733 0.0033918733     5809    11618    58097
   28    52 0.0033918733 0.0033918733     5809    11618    58097
   28    53 0.0033918733 0.0033918733     5809    11618    58097
   28    54 0.0033918733 0.0033918733     5809    11618    58097
   28    55 0.0033918733 0.0033918733     5809    11618    58097
   28    56 0.0033918733 0.0033918733     5809    11618    58097
   28    57 0.0033918733 0.0033918733     5809    11618    58097
   28    58 0.0033918733 0.0033918733     5809    11618    58097
   28    59 0.0033918733 0.0033918733     5809    11618    58097
   28    73 0.0004238656 0.0004238656    11618    58096    58097
   29    60 0.0033918733 0.0033918733     5809    11618    58097
   29    61 0.0033918733 0.0033918733     5809    11618    58097
   29    62 0.0033918733 0.0033918733     5809    11618    58097
   29    63 0.0033918733 0.0033918733     5809    11618    58097
   29    64 0.0033918733 0.0033918733     5809    11618    58097
   29    65 0.0033918733 0.0033918733     5809    11618    58097
   29    66 0.0033918733 0.0033918733     5809    11618    58097
   29    67 0.0033918733 0.0033918733     5809    11618    58097
   29    68 0.0033918733 0.0033918733     5809    11618    58097
   29    69 0.0033918733 0.0033918733     5809    11618    58097
   29    70 0.0033918733 0.0033918733     5809    11618    58097
   29    71 0.0033918733 0.0033918733     5809    11618    58097
   29    74 0.0004238656 0.0004238656    11618    58096    58097
   30    27 0.0135674931 0.0135674931     5809    11618    58097
   31    28 0.0135674931 0.0135674931     5809    11618    58097
   32    29 0.0135674931 0.0135674931     5809    11618    58097
   33    27 0.0135674931 0.0135674931     5809    11618    58097
   34    28 0.0135674931 0.0135674931     5809    11618    58097
   35    29 0.0135674931 0.0135674931     5809    11618    58097
   36    72 0.0008477494 0.0008477494    11618    34857    58097
   36    73 0.0008477494 0.0008477494    11618    34857    58097
   36    74 0.0008477494 0.0008477494    11618    34857    58097
   37    75 0.0008477494 0.0008477494    11618    34857    58097
   37    76 0.0008477494 0.0008477494    11618    34857    58097
   37    77 0.0008477494 0.0008477494    11618    34857    58097
   38    78 0.0008477494 0.0008477494    11618    34857    58097
   38    79 0.0008477494 0.0008477494    11618    34857    58097
   38    80 0.0008477494 0.0008477494    11618    34857    58097
   39    81 0.0008477494 0.0008477494    11618    34857    58097
   39    82 0.0008477494 0.0008477494    11618    34857    58097
   39    83 0.0008477494 0.0008477494    11618    34857    58097
   40    84 0.0008477494 0.0008477494    11618    34857    58097
   40    85 0.0008477494 0.0008477494    11618    34857    58097
   40    86 0.0008477494 0.0008477494    11618    34857    58097
   41    87 0.0008477494 0.0008477494    11618    34857    58097
   41    88 0.0008477494 0.0008477494    11618    34857    58097
   41    89 0.0008477494 0.0008477494    11618    34857    58097
   42    90 0.0008477494 0.0008477494    11618    34857    58097
   42    91 0.0008477494 0.0008477494    11618    34857    58097
   42    92 0.0008477494 0.0008477494    11618    34857    58097
   43    93 0.0008477494 0.0008477494    11618    34857    58097
   43    94 0.0008477494 0.0008477494    11618    34857    58097
   43    95 0.0008477494 0.0008477494    11618    34857    58097
   44    96 0.0008477494 0.0008477494    11618    34857    58097
   44    97 0.0008477494 0.0008477494    11618    34857    58097
   44    98 0.0008477494 0.0008477494    11618    34857    58097
   45    99 0.0008477494 0.0008477494    11618    34857    58097
   45   100 0.0008477494 0.0008477494    11618    34857    58097
   45   101 0.0008477494 0.0008477494    11618    34857    58097
   46   102 0.0008477494 0.0008477494    11618    34857    58097
   46   103 0.0008477494 0.0008477494    11618    34857    58097
   46   104 0.0008477494 0.0008477494    11618    34857    58097
   47   105 0.0008477494 0.0008477494    11618    34857    58097
   47   106 0.0008477494 0.0008477494    11618    34857    58097
   47   107 0.0008477494 0.0008477494    11618    34857    58097
   48    36 0.0033909975 0.0033909975    11618    34857    58097
   49    37 0.0033909975 0.0033909975    11618    34857    58097
   50    38 0.0033909975 0.0033909975    11618    34857    58097
   51    39 0.0033909975 0.0033909975    11618    34857    58097
   52    40 0.0033909975 0.0033909975    11618    34857    58097
   53    41 0.0033909975 0.0033909975    11618    34857    58097
   54    42 0.0033909975 0.0033909975    11618    34857    58097
   55    43 0.0033909975 0.0033909975    11618    34857    58097
   56    44 0.0033909975 0.0033909975    11618    34857    58097
   57    45 0.0033909975 0.0033909975    11618    34857    58097
   58    46 0.0033909975 0.0033909975    11618    34857    58097
   59    47 0.0033909975 0.0033909975    11618    34857    58097
   60    36 0.0033909975 0.0033909975    11618    34857    58097
   61    37 0.0033909975 0.0033909975    11618    34857    58097
   62    38 0.0033909975 0.0033909975    11618    34857    58097
   63    39 0.0033909975 0.0033909975    11618    34857    58097
   64    40 0.0033909975 0.0033909975    11618    34857    58097
   65    41 0.0033909975 0.0033909975    11618    34857    58097
   66    42 0.0033909975 0.0033909975    11618    34857    58097
   67    43 0.0033909975 0.0033909975    11618    34857    58097
   68    44 0.0033909975 0.0033909975    11618    34857    58097
   69    45 0.0033909975 0.0033909975    11618    34857    58097
   70    46 0.0033909975 0.0033909975    11618    34857    58097
   71    47 0.0033909975 0.0033909975    11618    34857    58097
   75    72 0.0033909975 0.0033909975    34857    58096    58097
   76    73 0.0033909975 0.0033909975    34857    58096    58097
   77    74 0.0033909975 0.0033909975    34857    58096    58097
   78    72 0.0033909975 0.0033909975    34857    58096    58097
   79    73 0.0033909975 0.0033909975    34857    58096    58097
   80    74 0.0033909975 0.0033909975    34857    58096    58097
   81    72 0.0033909975 0.0033909975    34857    58096    58097
   82    73 0.0033909975 0.0033909975    34857    58096    58097
   83    74 0.0033909975 0.0033909975    34857    58096    58097
   84    72 0.0033909975 0.0033909975    34857    58096    58097
   85    73 0.0033909975 0.0033909975    34857    58096    58097
   86    74 0.0033909975 0.0033909975    34857    58096    58097
   87    72 0.0033909975 0.0033909975    34857    58096    58097
   88    73 0.0033909975 0.0033909975    34857    58096    58097
   89    74 0.0033909975 0.0033909975    34857    58096    58097
   90    72 0.0033909975 0.0033909975    34857    58096    58097
   91    73 0.0033909975 0.0033909975    34857    58096    58097
   92    74 0.0033909975 0.0033909975    34857    58096    58097
   93    72 0.0033909975 0.0033909975    34857    58096    58097
   94    73 0.0033909975 0.0033909975    34857    58096    58097
   95    74 0.0033909975 0.0033909975    34857    58096    58097
   96    72 0.0033909975 0.0033909975    34857    58096    58097
   97    73 0.0033909975 0.0033909975    34857    58096    58097
   98    74 0.0033909975 0.0033909975    34857    58096    58097
   99    72 0.0033909975 0.0033909975    34857    58096    58097
  100    73 0.0033909975 0.0033909975    34857    58096    58097
  101    74 0.0033909975 0.0033909975    34857    58096    58097
  102    72 0.0033909975 0.0033909975    34857    58096    58097
  103    73 0.0033909975 0.0033909975    34857    58096    58097
  104    74 0.0033909975 0.0033909975    34857    58096    58097
  105    72 0.0033909975 0.0033909975    34857    58096    58097
  106    73 0.0033909975 0.0033909975    34857    58096    58097
  107    74 0.0033909975 0.0033909975    34857    58096    58097
