% vitsmall_encoder1  crossbar 128x128  mesh 6x6x3 (108 nodes)
% generated by stage2_core.py -- see STAGE2.md
% run with:  -size 16 16 -dimx 6 -dimy 6 -dimz 3 -traffic table traffics_dnn_packing/vitsmall_encoder1_xb128_6x6x3_c32r16s2.txt
% sweep with: WARMUP_DP_CYCLES=3 SIM_DP_CYCLES=80  (DP_CYCLE=648, SIM=51840, 0.9 block passes measured)
% LOAD_SCALE=0.05  CYCLES_PER_MAC=0.0002  t_period=58097
% phases:  q=[0,5809)  k=[0,5809)  v=[0,5809)  o=[5809,11618)  ff1=[11618,34857)  ff2=[34857,58096)  attn_res=[0,11618)  ffn_res=[11618,58096)
% src dst pir por t_on t_off t_period
    0     1 0.0101756198 0.0101756198        0     5809    58097
    0     2 0.0101756198 0.0101756198        0     5809    58097
    0     3 0.0101756198 0.0101756198        0     5809    58097
    0     4 0.0101756198 0.0101756198        0     5809    58097
    0     5 0.0101756198 0.0101756198        0     5809    58097
    0     6 0.0101756198 0.0101756198        0     5809    58097
    0     7 0.0101756198 0.0101756198        0     5809    58097
    0     8 0.0101756198 0.0101756198        0     5809    58097
    0     9 0.0101756198 0.0101756198        0     5809    58097
    0    10 0.0101756198 0.0101756198        0     5809    58097
    0    11 0.0101756198 0.0101756198        0     5809    58097
    0    12 0.0101756198 0.0101756198        0     5809    58097
    0    13 0.0101756198 0.0101756198        0     5809    58097
    0    14 0.0101756198 0.0101756198        0     5809    58097
    0    15 0.0101756198 0.0101756198        0     5809    58097
    0    16 0.0101756198 0.0101756198        0     5809    58097
    0    17 0.0101756198 0.0101756198        0     5809    58097
    0    18 0.0101756198 0.0101756198        0     5809    58097
    0    19 0.0101756198 0.0101756198        0     5809    58097
    0    20 0.0101756198 0.0101756198        0     5809    58097
    0    21 0.0101756198 0.0101756198        0     5809    58097
    0    22 0.0101756198 0.0101756198        0     5809    58097
    0    23 0.0101756198 0.0101756198        0     5809    58097
    0    24 0.0101756198 0.0101756198        0     5809    58097
    0    25 0.0101756198 0.0101756198        0     5809    58097
    0    26 0.0101756198 0.0101756198        0     5809    58097
    0    27 0.0101756198 0.0101756198        0     5809    58097
    0    28 0.0101756198 0.0101756198        0     5809    58097
    0    29 0.0101756198 0.0101756198        0     5809    58097
    0    30 0.0101756198 0.0101756198        0     5809    58097
    0    31 0.0101756198 0.0101756198        0     5809    58097
    0    32 0.0101756198 0.0101756198        0     5809    58097
    0    33 0.0101756198 0.0101756198        0     5809    58097
    0    34 0.0101756198 0.0101756198        0     5809    58097
    0    35 0.0101756198 0.0101756198        0     5809    58097
    0    36 0.0004260997 0.0004260997        0    11618    58097
    0    37 0.0004260997 0.0004260997        0    11618    58097
    0    38 0.0004260997 0.0004260997        0    11618    58097
    0    39 0.0004260997 0.0004260997        0    11618    58097
    0    40 0.0004260997 0.0004260997        0    11618    58097
    0    41 0.0004260997 0.0004260997        0    11618    58097
    0    42 0.0004260997 0.0004260997        0    11618    58097
    0    43 0.0004260997 0.0004260997        0    11618    58097
    0    44 0.0004260997 0.0004260997        0    11618    58097
    0    45 0.0004260997 0.0004260997        0    11618    58097
    0    46 0.0004260997 0.0004260997        0    11618    58097
    0    47 0.0004260997 0.0004260997        0    11618    58097
   24    36 0.0008522727 0.0008522727        0     5809    58097
   24    37 0.0008522727 0.0008522727        0     5809    58097
   24    38 0.0008522727 0.0008522727        0     5809    58097
   24    39 0.0008522727 0.0008522727        0     5809    58097
   24    40 0.0008522727 0.0008522727        0     5809    58097
   24    41 0.0008522727 0.0008522727        0     5809    58097
   24    42 0.0008522727 0.0008522727        0     5809    58097
   24    43 0.0008522727 0.0008522727        0     5809    58097
   24    44 0.0008522727 0.0008522727        0     5809    58097
   24    45 0.0008522727 0.0008522727        0     5809    58097
   24    46 0.0008522727 0.0008522727        0     5809    58097
   24    47 0.0008522727 0.0008522727        0     5809    58097
   25    36 0.0008522727 0.0008522727        0     5809    58097
   25    37 0.0008522727 0.0008522727        0     5809    58097
   25    38 0.0008522727 0.0008522727        0     5809    58097
   25    39 0.0008522727 0.0008522727        0     5809    58097
   25    40 0.0008522727 0.0008522727        0     5809    58097
   25    41 0.0008522727 0.0008522727        0     5809    58097
   25    42 0.0008522727 0.0008522727        0     5809    58097
   25    43 0.0008522727 0.0008522727        0     5809    58097
   25    44 0.0008522727 0.0008522727        0     5809    58097
   25    45 0.0008522727 0.0008522727        0     5809    58097
   25    46 0.0008522727 0.0008522727        0     5809    58097
   25    47 0.0008522727 0.0008522727        0     5809    58097
   26    36 0.0008522727 0.0008522727        0     5809    58097
   26    37 0.0008522727 0.0008522727        0     5809    58097
   26    38 0.0008522727 0.0008522727        0     5809    58097
   26    39 0.0008522727 0.0008522727        0     5809    58097
   26    40 0.0008522727 0.0008522727        0     5809    58097
   26    41 0.0008522727 0.0008522727        0     5809    58097
   26    42 0.0008522727 0.0008522727        0     5809    58097
   26    43 0.0008522727 0.0008522727        0     5809    58097
   26    44 0.0008522727 0.0008522727        0     5809    58097
   26    45 0.0008522727 0.0008522727        0     5809    58097
   26    46 0.0008522727 0.0008522727        0     5809    58097
   26    47 0.0008522727 0.0008522727        0     5809    58097
   27    36 0.0008522727 0.0008522727        0     5809    58097
   27    37 0.0008522727 0.0008522727        0     5809    58097
   27    38 0.0008522727 0.0008522727        0     5809    58097
   27    39 0.0008522727 0.0008522727        0     5809    58097
   27    40 0.0008522727 0.0008522727        0     5809    58097
   27    41 0.0008522727 0.0008522727        0     5809    58097
   27    42 0.0008522727 0.0008522727        0     5809    58097
   27    43 0.0008522727 0.0008522727        0     5809    58097
   27    44 0.0008522727 0.0008522727        0     5809    58097
   27    45 0.0008522727 0.0008522727        0     5809    58097
   27    46 0.0008522727 0.0008522727        0     5809    58097
   27    47 0.0008522727 0.0008522727        0     5809    58097
   28    36 0.0008522727 0.0008522727        0     5809    58097
   28    37 0.0008522727 0.0008522727        0     5809    58097
   28    38 0.0008522727 0.0008522727        0     5809    58097
   28    39 0.0008522727 0.0008522727        0     5809    58097
   28    40 0.0008522727 0.0008522727        0     5809    58097
   28    41 0.0008522727 0.0008522727        0     5809    58097
   28    42 0.0008522727 0.0008522727        0     5809    58097
   28    43 0.0008522727 0.0008522727        0     5809    58097
   28    44 0.0008522727 0.0008522727        0     5809    58097
   28    45 0.0008522727 0.0008522727        0     5809    58097
   28    46 0.0008522727 0.0008522727        0     5809    58097
   28    47 0.0008522727 0.0008522727        0     5809    58097
   29    36 0.0008522727 0.0008522727        0     5809    58097
   29    37 0.0008522727 0.0008522727        0     5809    58097
   29    38 0.0008522727 0.0008522727        0     5809    58097
   29    39 0.0008522727 0.0008522727        0     5809    58097
   29    40 0.0008522727 0.0008522727        0     5809    58097
   29    41 0.0008522727 0.0008522727        0     5809    58097
   29    42 0.0008522727 0.0008522727        0     5809    58097
   29    43 0.0008522727 0.0008522727        0     5809    58097
   29    44 0.0008522727 0.0008522727        0     5809    58097
   29    45 0.0008522727 0.0008522727        0     5809    58097
   29    46 0.0008522727 0.0008522727        0     5809    58097
   29    47 0.0008522727 0.0008522727        0     5809    58097
   30    36 0.0008522727 0.0008522727        0     5809    58097
   30    37 0.0008522727 0.0008522727        0     5809    58097
   30    38 0.0008522727 0.0008522727        0     5809    58097
   30    39 0.0008522727 0.0008522727        0     5809    58097
   30    40 0.0008522727 0.0008522727        0     5809    58097
   30    41 0.0008522727 0.0008522727        0     5809    58097
   30    42 0.0008522727 0.0008522727        0     5809    58097
   30    43 0.0008522727 0.0008522727        0     5809    58097
   30    44 0.0008522727 0.0008522727        0     5809    58097
   30    45 0.0008522727 0.0008522727        0     5809    58097
   30    46 0.0008522727 0.0008522727        0     5809    58097
   30    47 0.0008522727 0.0008522727        0     5809    58097
   31    36 0.0008522727 0.0008522727        0     5809    58097
   31    37 0.0008522727 0.0008522727        0     5809    58097
   31    38 0.0008522727 0.0008522727        0     5809    58097
   31    39 0.0008522727 0.0008522727        0     5809    58097
   31    40 0.0008522727 0.0008522727        0     5809    58097
   31    41 0.0008522727 0.0008522727        0     5809    58097
   31    42 0.0008522727 0.0008522727        0     5809    58097
   31    43 0.0008522727 0.0008522727        0     5809    58097
   31    44 0.0008522727 0.0008522727        0     5809    58097
   31    45 0.0008522727 0.0008522727        0     5809    58097
   31    46 0.0008522727 0.0008522727        0     5809    58097
   31    47 0.0008522727 0.0008522727        0     5809    58097
   32    36 0.0008522727 0.0008522727        0     5809    58097
   32    37 0.0008522727 0.0008522727        0     5809    58097
   32    38 0.0008522727 0.0008522727        0     5809    58097
   32    39 0.0008522727 0.0008522727        0     5809    58097
   32    40 0.0008522727 0.0008522727        0     5809    58097
   32    41 0.0008522727 0.0008522727        0     5809    58097
   32    42 0.0008522727 0.0008522727        0     5809    58097
   32    43 0.0008522727 0.0008522727        0     5809    58097
   32    44 0.0008522727 0.0008522727        0     5809    58097
   32    45 0.0008522727 0.0008522727        0     5809    58097
   32    46 0.0008522727 0.0008522727        0     5809    58097
   32    47 0.0008522727 0.0008522727        0     5809    58097
   33    36 0.0008522727 0.0008522727        0     5809    58097
   33    37 0.0008522727 0.0008522727        0     5809    58097
   33    38 0.0008522727 0.0008522727        0     5809    58097
   33    39 0.0008522727 0.0008522727        0     5809    58097
   33    40 0.0008522727 0.0008522727        0     5809    58097
   33    41 0.0008522727 0.0008522727        0     5809    58097
   33    42 0.0008522727 0.0008522727        0     5809    58097
   33    43 0.0008522727 0.0008522727        0     5809    58097
   33    44 0.0008522727 0.0008522727        0     5809    58097
   33    45 0.0008522727 0.0008522727        0     5809    58097
   33    46 0.0008522727 0.0008522727        0     5809    58097
   33    47 0.0008522727 0.0008522727        0     5809    58097
   34    36 0.0008522727 0.0008522727        0     5809    58097
   34    37 0.0008522727 0.0008522727        0     5809    58097
   34    38 0.0008522727 0.0008522727        0     5809    58097
   34    39 0.0008522727 0.0008522727        0     5809    58097
   34    40 0.0008522727 0.0008522727        0     5809    58097
   34    41 0.0008522727 0.0008522727        0     5809    58097
   34    42 0.0008522727 0.0008522727        0     5809    58097
   34    43 0.0008522727 0.0008522727        0     5809    58097
   34    44 0.0008522727 0.0008522727        0     5809    58097
   34    45 0.0008522727 0.0008522727        0     5809    58097
   34    46 0.0008522727 0.0008522727        0     5809    58097
   34    47 0.0008522727 0.0008522727        0     5809    58097
   35    36 0.0008522727 0.0008522727        0     5809    58097
   35    37 0.0008522727 0.0008522727        0     5809    58097
   35    38 0.0008522727 0.0008522727        0     5809    58097
   35    39 0.0008522727 0.0008522727        0     5809    58097
   35    40 0.0008522727 0.0008522727        0     5809    58097
   35    41 0.0008522727 0.0008522727        0     5809    58097
   35    42 0.0008522727 0.0008522727        0     5809    58097
   35    43 0.0008522727 0.0008522727        0     5809    58097
   35    44 0.0008522727 0.0008522727        0     5809    58097
   35    45 0.0008522727 0.0008522727        0     5809    58097
   35    46 0.0008522727 0.0008522727        0     5809    58097
   35    47 0.0008522727 0.0008522727        0     5809    58097
   36    48 0.0008522727 0.0008522727     5809    11618    58097
   36    49 0.0008522727 0.0008522727     5809    11618    58097
   36    50 0.0008522727 0.0008522727     5809    11618    58097
   36    51 0.0008522727 0.0008522727     5809    11618    58097
   36    52 0.0008522727 0.0008522727     5809    11618    58097
   36    53 0.0008522727 0.0008522727     5809    11618    58097
   36    54 0.0008522727 0.0008522727     5809    11618    58097
   36    55 0.0008522727 0.0008522727     5809    11618    58097
   36    56 0.0008522727 0.0008522727     5809    11618    58097
   36    57 0.0008522727 0.0008522727     5809    11618    58097
   36    58 0.0008522727 0.0008522727     5809    11618    58097
   36    59 0.0008522727 0.0008522727     5809    11618    58097
   36    60 0.0008522727 0.0008522727     5809    11618    58097
   36    61 0.0008522727 0.0008522727     5809    11618    58097
   36    62 0.0008522727 0.0008522727     5809    11618    58097
   36    63 0.0008522727 0.0008522727     5809    11618    58097
   36    64 0.0008522727 0.0008522727     5809    11618    58097
   36    65 0.0008522727 0.0008522727     5809    11618    58097
   36    66 0.0008522727 0.0008522727     5809    11618    58097
   36    67 0.0008522727 0.0008522727     5809    11618    58097
   36    68 0.0008522727 0.0008522727     5809    11618    58097
   36    69 0.0008522727 0.0008522727     5809    11618    58097
   36    70 0.0008522727 0.0008522727     5809    11618    58097
   36    71 0.0008522727 0.0008522727     5809    11618    58097
   36    72 0.0008522727 0.0008522727     5809    11618    58097
   36    73 0.0008522727 0.0008522727     5809    11618    58097
   36    74 0.0008522727 0.0008522727     5809    11618    58097
   36    75 0.0008522727 0.0008522727     5809    11618    58097
   36    76 0.0008522727 0.0008522727     5809    11618    58097
   36    77 0.0008522727 0.0008522727     5809    11618    58097
   36    78 0.0008522727 0.0008522727     5809    11618    58097
   36    79 0.0008522727 0.0008522727     5809    11618    58097
   36    80 0.0008522727 0.0008522727     5809    11618    58097
   36    81 0.0008522727 0.0008522727     5809    11618    58097
   36    82 0.0008522727 0.0008522727     5809    11618    58097
   36    83 0.0008522727 0.0008522727     5809    11618    58097
   36    84 0.0008522727 0.0008522727     5809    11618    58097
   36    85 0.0008522727 0.0008522727     5809    11618    58097
   36    86 0.0008522727 0.0008522727     5809    11618    58097
   36    87 0.0008522727 0.0008522727     5809    11618    58097
   36    88 0.0008522727 0.0008522727     5809    11618    58097
   36    89 0.0008522727 0.0008522727     5809    11618    58097
   36    90 0.0008522727 0.0008522727     5809    11618    58097
   36    91 0.0008522727 0.0008522727     5809    11618    58097
   36    92 0.0008522727 0.0008522727     5809    11618    58097
   36    93 0.0008522727 0.0008522727     5809    11618    58097
   36    94 0.0008522727 0.0008522727     5809    11618    58097
   36    95 0.0008522727 0.0008522727     5809    11618    58097
   36    96 0.0001065043 0.0001065043    11618    58096    58097
   37    48 0.0008522727 0.0008522727     5809    11618    58097
   37    49 0.0008522727 0.0008522727     5809    11618    58097
   37    50 0.0008522727 0.0008522727     5809    11618    58097
   37    51 0.0008522727 0.0008522727     5809    11618    58097
   37    52 0.0008522727 0.0008522727     5809    11618    58097
   37    53 0.0008522727 0.0008522727     5809    11618    58097
   37    54 0.0008522727 0.0008522727     5809    11618    58097
   37    55 0.0008522727 0.0008522727     5809    11618    58097
   37    56 0.0008522727 0.0008522727     5809    11618    58097
   37    57 0.0008522727 0.0008522727     5809    11618    58097
   37    58 0.0008522727 0.0008522727     5809    11618    58097
   37    59 0.0008522727 0.0008522727     5809    11618    58097
   37    60 0.0008522727 0.0008522727     5809    11618    58097
   37    61 0.0008522727 0.0008522727     5809    11618    58097
   37    62 0.0008522727 0.0008522727     5809    11618    58097
   37    63 0.0008522727 0.0008522727     5809    11618    58097
   37    64 0.0008522727 0.0008522727     5809    11618    58097
   37    65 0.0008522727 0.0008522727     5809    11618    58097
   37    66 0.0008522727 0.0008522727     5809    11618    58097
   37    67 0.0008522727 0.0008522727     5809    11618    58097
   37    68 0.0008522727 0.0008522727     5809    11618    58097
   37    69 0.0008522727 0.0008522727     5809    11618    58097
   37    70 0.0008522727 0.0008522727     5809    11618    58097
   37    71 0.0008522727 0.0008522727     5809    11618    58097
   37    72 0.0008522727 0.0008522727     5809    11618    58097
   37    73 0.0008522727 0.0008522727     5809    11618    58097
   37    74 0.0008522727 0.0008522727     5809    11618    58097
   37    75 0.0008522727 0.0008522727     5809    11618    58097
   37    76 0.0008522727 0.0008522727     5809    11618    58097
   37    77 0.0008522727 0.0008522727     5809    11618    58097
   37    78 0.0008522727 0.0008522727     5809    11618    58097
   37    79 0.0008522727 0.0008522727     5809    11618    58097
   37    80 0.0008522727 0.0008522727     5809    11618    58097
   37    81 0.0008522727 0.0008522727     5809    11618    58097
   37    82 0.0008522727 0.0008522727     5809    11618    58097
   37    83 0.0008522727 0.0008522727     5809    11618    58097
   37    84 0.0008522727 0.0008522727     5809    11618    58097
   37    85 0.0008522727 0.0008522727     5809    11618    58097
   37    86 0.0008522727 0.0008522727     5809    11618    58097
   37    87 0.0008522727 0.0008522727     5809    11618    58097
   37    88 0.0008522727 0.0008522727     5809    11618    58097
   37    89 0.0008522727 0.0008522727     5809    11618    58097
   37    90 0.0008522727 0.0008522727     5809    11618    58097
   37    91 0.0008522727 0.0008522727     5809    11618    58097
   37    92 0.0008522727 0.0008522727     5809    11618    58097
   37    93 0.0008522727 0.0008522727     5809    11618    58097
   37    94 0.0008522727 0.0008522727     5809    11618    58097
   37    95 0.0008522727 0.0008522727     5809    11618    58097
   37    97 0.0001065043 0.0001065043    11618    58096    58097
   38    48 0.0008522727 0.0008522727     5809    11618    58097
   38    49 0.0008522727 0.0008522727     5809    11618    58097
   38    50 0.0008522727 0.0008522727     5809    11618    58097
   38    51 0.0008522727 0.0008522727     5809    11618    58097
   38    52 0.0008522727 0.0008522727     5809    11618    58097
   38    53 0.0008522727 0.0008522727     5809    11618    58097
   38    54 0.0008522727 0.0008522727     5809    11618    58097
   38    55 0.0008522727 0.0008522727     5809    11618    58097
   38    56 0.0008522727 0.0008522727     5809    11618    58097
   38    57 0.0008522727 0.0008522727     5809    11618    58097
   38    58 0.0008522727 0.0008522727     5809    11618    58097
   38    59 0.0008522727 0.0008522727     5809    11618    58097
   38    60 0.0008522727 0.0008522727     5809    11618    58097
   38    61 0.0008522727 0.0008522727     5809    11618    58097
   38    62 0.0008522727 0.0008522727     5809    11618    58097
   38    63 0.0008522727 0.0008522727     5809    11618    58097
   38    64 0.0008522727 0.0008522727     5809    11618    58097
   38    65 0.0008522727 0.0008522727     5809    11618    58097
   38    66 0.0008522727 0.0008522727     5809    11618    58097
   38    67 0.0008522727 0.0008522727     5809    11618    58097
   38    68 0.0008522727 0.0008522727     5809    11618    58097
   38    69 0.0008522727 0.0008522727     5809    11618    58097
   38    70 0.0008522727 0.0008522727     5809    11618    58097
   38    71 0.0008522727 0.0008522727     5809    11618    58097
   38    72 0.0008522727 0.0008522727     5809    11618    58097
   38    73 0.0008522727 0.0008522727     5809    11618    58097
   38    74 0.0008522727 0.0008522727     5809    11618    58097
   38    75 0.0008522727 0.0008522727     5809    11618    58097
   38    76 0.0008522727 0.0008522727     5809    11618    58097
   38    77 0.0008522727 0.0008522727     5809    11618    58097
   38    78 0.0008522727 0.0008522727     5809    11618    58097
   38    79 0.0008522727 0.0008522727     5809    11618    58097
   38    80 0.0008522727 0.0008522727     5809    11618    58097
   38    81 0.0008522727 0.0008522727     5809    11618    58097
   38    82 0.0008522727 0.0008522727     5809    11618    58097
   38    83 0.0008522727 0.0008522727     5809    11618    58097
   38    84 0.0008522727 0.0008522727     5809    11618    58097
   38    85 0.0008522727 0.0008522727     5809    11618    58097
   38    86 0.0008522727 0.0008522727     5809    11618    58097
   38    87 0.0008522727 0.0008522727     5809    11618    58097
   38    88 0.0008522727 0.0008522727     5809    11618    58097
   38    89 0.0008522727 0.0008522727     5809    11618    58097
   38    90 0.0008522727 0.0008522727     5809    11618    58097
   38    91 0.0008522727 0.0008522727     5809    11618    58097
   38    92 0.0008522727 0.0008522727     5809    11618    58097
   38    93 0.0008522727 0.0008522727     5809    11618    58097
   38    94 0.0008522727 0.0008522727     5809    11618    58097
   38    95 0.0008522727 0.0008522727     5809    11618    58097
   38    98 0.0001065043 0.0001065043    11618    58096    58097
   39    48 0.0008522727 0.0008522727     5809    11618    58097
   39    49 0.0008522727 0.0008522727     5809    11618    58097
   39    50 0.0008522727 0.0008522727     5809    11618    58097
   39    51 0.0008522727 0.0008522727     5809    11618    58097
   39    52 0.0008522727 0.0008522727     5809    11618    58097
   39    53 0.0008522727 0.0008522727     5809    11618    58097
   39    54 0.0008522727 0.0008522727     5809    11618    58097
   39    55 0.0008522727 0.0008522727     5809    11618    58097
   39    56 0.0008522727 0.0008522727     5809    11618    58097
   39    57 0.0008522727 0.0008522727     5809    11618    58097
   39    58 0.0008522727 0.0008522727     5809    11618    58097
   39    59 0.0008522727 0.0008522727     5809    11618    58097
   39    60 0.0008522727 0.0008522727     5809    11618    58097
   39    61 0.0008522727 0.0008522727     5809    11618    58097
   39    62 0.0008522727 0.0008522727     5809    11618    58097
   39    63 0.0008522727 0.0008522727     5809    11618    58097
   39    64 0.0008522727 0.0008522727     5809    11618    58097
   39    65 0.0008522727 0.0008522727     5809    11618    58097
   39    66 0.0008522727 0.0008522727     5809    11618    58097
   39    67 0.0008522727 0.0008522727     5809    11618    58097
   39    68 0.0008522727 0.0008522727     5809    11618    58097
   39    69 0.0008522727 0.0008522727     5809    11618    58097
   39    70 0.0008522727 0.0008522727     5809    11618    58097
   39    71 0.0008522727 0.0008522727     5809    11618    58097
   39    72 0.0008522727 0.0008522727     5809    11618    58097
   39    73 0.0008522727 0.0008522727     5809    11618    58097
   39    74 0.0008522727 0.0008522727     5809    11618    58097
   39    75 0.0008522727 0.0008522727     5809    11618    58097
   39    76 0.0008522727 0.0008522727     5809    11618    58097
   39    77 0.0008522727 0.0008522727     5809    11618    58097
   39    78 0.0008522727 0.0008522727     5809    11618    58097
   39    79 0.0008522727 0.0008522727     5809    11618    58097
   39    80 0.0008522727 0.0008522727     5809    11618    58097
   39    81 0.0008522727 0.0008522727     5809    11618    58097
   39    82 0.0008522727 0.0008522727     5809    11618    58097
   39    83 0.0008522727 0.0008522727     5809    11618    58097
   39    84 0.0008522727 0.0008522727     5809    11618    58097
   39    85 0.0008522727 0.0008522727     5809    11618    58097
   39    86 0.0008522727 0.0008522727     5809    11618    58097
   39    87 0.0008522727 0.0008522727     5809    11618    58097
   39    88 0.0008522727 0.0008522727     5809    11618    58097
   39    89 0.0008522727 0.0008522727     5809    11618    58097
   39    90 0.0008522727 0.0008522727     5809    11618    58097
   39    91 0.0008522727 0.0008522727     5809    11618    58097
   39    92 0.0008522727 0.0008522727     5809    11618    58097
   39    93 0.0008522727 0.0008522727     5809    11618    58097
   39    94 0.0008522727 0.0008522727     5809    11618    58097
   39    95 0.0008522727 0.0008522727     5809    11618    58097
   39    99 0.0001065043 0.0001065043    11618    58096    58097
   40    48 0.0008522727 0.0008522727     5809    11618    58097
   40    49 0.0008522727 0.0008522727     5809    11618    58097
   40    50 0.0008522727 0.0008522727     5809    11618    58097
   40    51 0.0008522727 0.0008522727     5809    11618    58097
   40    52 0.0008522727 0.0008522727     5809    11618    58097
   40    53 0.0008522727 0.0008522727     5809    11618    58097
   40    54 0.0008522727 0.0008522727     5809    11618    58097
   40    55 0.0008522727 0.0008522727     5809    11618    58097
   40    56 0.0008522727 0.0008522727     5809    11618    58097
   40    57 0.0008522727 0.0008522727     5809    11618    58097
   40    58 0.0008522727 0.0008522727     5809    11618    58097
   40    59 0.0008522727 0.0008522727     5809    11618    58097
   40    60 0.0008522727 0.0008522727     5809    11618    58097
   40    61 0.0008522727 0.0008522727     5809    11618    58097
   40    62 0.0008522727 0.0008522727     5809    11618    58097
   40    63 0.0008522727 0.0008522727     5809    11618    58097
   40    64 0.0008522727 0.0008522727     5809    11618    58097
   40    65 0.0008522727 0.0008522727     5809    11618    58097
   40    66 0.0008522727 0.0008522727     5809    11618    58097
   40    67 0.0008522727 0.0008522727     5809    11618    58097
   40    68 0.0008522727 0.0008522727     5809    11618    58097
   40    69 0.0008522727 0.0008522727     5809    11618    58097
   40    70 0.0008522727 0.0008522727     5809    11618    58097
   40    71 0.0008522727 0.0008522727     5809    11618    58097
   40    72 0.0008522727 0.0008522727     5809    11618    58097
   40    73 0.0008522727 0.0008522727     5809    11618    58097
   40    74 0.0008522727 0.0008522727     5809    11618    58097
   40    75 0.0008522727 0.0008522727     5809    11618    58097
   40    76 0.0008522727 0.0008522727     5809    11618    58097
   40    77 0.0008522727 0.0008522727     5809    11618    58097
   40    78 0.0008522727 0.0008522727     5809    11618    58097
   40    79 0.0008522727 0.0008522727     5809    11618    58097
   40    80 0.0008522727 0.0008522727     5809    11618    58097
   40    81 0.0008522727 0.0008522727     5809    11618    58097
   40    82 0.0008522727 0.0008522727     5809    11618    58097
   40    83 0.0008522727 0.0008522727     5809    11618    58097
   40    84 0.0008522727 0.0008522727     5809    11618    58097
   40    85 0.0008522727 0.0008522727     5809    11618    58097
   40    86 0.0008522727 0.0008522727     5809    11618    58097
   40    87 0.0008522727 0.0008522727     5809    11618    58097
   40    88 0.0008522727 0.0008522727     5809    11618    58097
   40    89 0.0008522727 0.0008522727     5809    11618    58097
   40    90 0.0008522727 0.0008522727     5809    11618    58097
   40    91 0.0008522727 0.0008522727     5809    11618    58097
   40    92 0.0008522727 0.0008522727     5809    11618    58097
   40    93 0.0008522727 0.0008522727     5809    11618    58097
   40    94 0.0008522727 0.0008522727     5809    11618    58097
   40    95 0.0008522727 0.0008522727     5809    11618    58097
   40   100 0.0001065043 0.0001065043    11618    58096    58097
   41    48 0.0008522727 0.0008522727     5809    11618    58097
   41    49 0.0008522727 0.0008522727     5809    11618    58097
   41    50 0.0008522727 0.0008522727     5809    11618    58097
   41    51 0.0008522727 0.0008522727     5809    11618    58097
   41    52 0.0008522727 0.0008522727     5809    11618    58097
   41    53 0.0008522727 0.0008522727     5809    11618    58097
   41    54 0.0008522727 0.0008522727     5809    11618    58097
   41    55 0.0008522727 0.0008522727     5809    11618    58097
   41    56 0.0008522727 0.0008522727     5809    11618    58097
   41    57 0.0008522727 0.0008522727     5809    11618    58097
   41    58 0.0008522727 0.0008522727     5809    11618    58097
   41    59 0.0008522727 0.0008522727     5809    11618    58097
   41    60 0.0008522727 0.0008522727     5809    11618    58097
   41    61 0.0008522727 0.0008522727     5809    11618    58097
   41    62 0.0008522727 0.0008522727     5809    11618    58097
   41    63 0.0008522727 0.0008522727     5809    11618    58097
   41    64 0.0008522727 0.0008522727     5809    11618    58097
   41    65 0.0008522727 0.0008522727     5809    11618    58097
   41    66 0.0008522727 0.0008522727     5809    11618    58097
   41    67 0.0008522727 0.0008522727     5809    11618    58097
   41    68 0.0008522727 0.0008522727     5809    11618    58097
   41    69 0.0008522727 0.0008522727     5809    11618    58097
   41    70 0.0008522727 0.0008522727     5809    11618    58097
   41    71 0.0008522727 0.0008522727     5809    11618    58097
   41    72 0.0008522727 0.0008522727     5809    11618    58097
   41    73 0.0008522727 0.0008522727     5809    11618    58097
   41    74 0.0008522727 0.0008522727     5809    11618    58097
   41    75 0.0008522727 0.0008522727     5809    11618    58097
   41    76 0.0008522727 0.0008522727     5809    11618    58097
   41    77 0.0008522727 0.0008522727     5809    11618    58097
   41    78 0.0008522727 0.0008522727     5809    11618    58097
   41    79 0.0008522727 0.0008522727     5809    11618    58097
   41    80 0.0008522727 0.0008522727     5809    11618    58097
   41    81 0.0008522727 0.0008522727     5809    11618    58097
   41    82 0.0008522727 0.0008522727     5809    11618    58097
   41    83 0.0008522727 0.0008522727     5809    11618    58097
   41    84 0.0008522727 0.0008522727     5809    11618    58097
   41    85 0.0008522727 0.0008522727     5809    11618    58097
   41    86 0.0008522727 0.0008522727     5809    11618    58097
   41    87 0.0008522727 0.0008522727     5809    11618    58097
   41    88 0.0008522727 0.0008522727     5809    11618    58097
   41    89 0.0008522727 0.0008522727     5809    11618    58097
   41    90 0.0008522727 0.0008522727     5809    11618    58097
   41    91 0.0008522727 0.0008522727     5809    11618    58097
   41    92 0.0008522727 0.0008522727     5809    11618    58097
   41    93 0.0008522727 0.0008522727     5809    11618    58097
   41    94 0.0008522727 0.0008522727     5809    11618    58097
   41    95 0.0008522727 0.0008522727     5809    11618    58097
   41   101 0.0001065043 0.0001065043    11618    58096    58097
   42    48 0.0008522727 0.0008522727     5809    11618    58097
   42    49 0.0008522727 0.0008522727     5809    11618    58097
   42    50 0.0008522727 0.0008522727     5809    11618    58097
   42    51 0.0008522727 0.0008522727     5809    11618    58097
   42    52 0.0008522727 0.0008522727     5809    11618    58097
   42    53 0.0008522727 0.0008522727     5809    11618    58097
   42    54 0.0008522727 0.0008522727     5809    11618    58097
   42    55 0.0008522727 0.0008522727     5809    11618    58097
   42    56 0.0008522727 0.0008522727     5809    11618    58097
   42    57 0.0008522727 0.0008522727     5809    11618    58097
   42    58 0.0008522727 0.0008522727     5809    11618    58097
   42    59 0.0008522727 0.0008522727     5809    11618    58097
   42    60 0.0008522727 0.0008522727     5809    11618    58097
   42    61 0.0008522727 0.0008522727     5809    11618    58097
   42    62 0.0008522727 0.0008522727     5809    11618    58097
   42    63 0.0008522727 0.0008522727     5809    11618    58097
   42    64 0.0008522727 0.0008522727     5809    11618    58097
   42    65 0.0008522727 0.0008522727     5809    11618    58097
   42    66 0.0008522727 0.0008522727     5809    11618    58097
   42    67 0.0008522727 0.0008522727     5809    11618    58097
   42    68 0.0008522727 0.0008522727     5809    11618    58097
   42    69 0.0008522727 0.0008522727     5809    11618    58097
   42    70 0.0008522727 0.0008522727     5809    11618    58097
   42    71 0.0008522727 0.0008522727     5809    11618    58097
   42    72 0.0008522727 0.0008522727     5809    11618    58097
   42    73 0.0008522727 0.0008522727     5809    11618    58097
   42    74 0.0008522727 0.0008522727     5809    11618    58097
   42    75 0.0008522727 0.0008522727     5809    11618    58097
   42    76 0.0008522727 0.0008522727     5809    11618    58097
   42    77 0.0008522727 0.0008522727     5809    11618    58097
   42    78 0.0008522727 0.0008522727     5809    11618    58097
   42    79 0.0008522727 0.0008522727     5809    11618    58097
   42    80 0.0008522727 0.0008522727     5809    11618    58097
   42    81 0.0008522727 0.0008522727     5809    11618    58097
   42    82 0.0008522727 0.0008522727     5809    11618    58097
   42    83 0.0008522727 0.0008522727     5809    11618    58097
   42    84 0.0008522727 0.0008522727     5809    11618    58097
   42    85 0.0008522727 0.0008522727     5809    11618    58097
   42    86 0.0008522727 0.0008522727     5809    11618    58097
   42    87 0.0008522727 0.0008522727     5809    11618    58097
   42    88 0.0008522727 0.0008522727     5809    11618    58097
   42    89 0.0008522727 0.0008522727     5809    11618    58097
   42    90 0.0008522727 0.0008522727     5809    11618    58097
   42    91 0.0008522727 0.0008522727     5809    11618    58097
   42    92 0.0008522727 0.0008522727     5809    11618    58097
   42    93 0.0008522727 0.0008522727     5809    11618    58097
   42    94 0.0008522727 0.0008522727     5809    11618    58097
   42    95 0.0008522727 0.0008522727     5809    11618    58097
   42   102 0.0001065043 0.0001065043    11618    58096    58097
   43    48 0.0008522727 0.0008522727     5809    11618    58097
   43    49 0.0008522727 0.0008522727     5809    11618    58097
   43    50 0.0008522727 0.0008522727     5809    11618    58097
   43    51 0.0008522727 0.0008522727     5809    11618    58097
   43    52 0.0008522727 0.0008522727     5809    11618    58097
   43    53 0.0008522727 0.0008522727     5809    11618    58097
   43    54 0.0008522727 0.0008522727     5809    11618    58097
   43    55 0.0008522727 0.0008522727     5809    11618    58097
   43    56 0.0008522727 0.0008522727     5809    11618    58097
   43    57 0.0008522727 0.0008522727     5809    11618    58097
   43    58 0.0008522727 0.0008522727     5809    11618    58097
   43    59 0.0008522727 0.0008522727     5809    11618    58097
   43    60 0.0008522727 0.0008522727     5809    11618    58097
   43    61 0.0008522727 0.0008522727     5809    11618    58097
   43    62 0.0008522727 0.0008522727     5809    11618    58097
   43    63 0.0008522727 0.0008522727     5809    11618    58097
   43    64 0.0008522727 0.0008522727     5809    11618    58097
   43    65 0.0008522727 0.0008522727     5809    11618    58097
   43    66 0.0008522727 0.0008522727     5809    11618    58097
   43    67 0.0008522727 0.0008522727     5809    11618    58097
   43    68 0.0008522727 0.0008522727     5809    11618    58097
   43    69 0.0008522727 0.0008522727     5809    11618    58097
   43    70 0.0008522727 0.0008522727     5809    11618    58097
   43    71 0.0008522727 0.0008522727     5809    11618    58097
   43    72 0.0008522727 0.0008522727     5809    11618    58097
   43    73 0.0008522727 0.0008522727     5809    11618    58097
   43    74 0.0008522727 0.0008522727     5809    11618    58097
   43    75 0.0008522727 0.0008522727     5809    11618    58097
   43    76 0.0008522727 0.0008522727     5809    11618    58097
   43    77 0.0008522727 0.0008522727     5809    11618    58097
   43    78 0.0008522727 0.0008522727     5809    11618    58097
   43    79 0.0008522727 0.0008522727     5809    11618    58097
   43    80 0.0008522727 0.0008522727     5809    11618    58097
   43    81 0.0008522727 0.0008522727     5809    11618    58097
   43    82 0.0008522727 0.0008522727     5809    11618    58097
   43    83 0.0008522727 0.0008522727     5809    11618    58097
   43    84 0.0008522727 0.0008522727     5809    11618    58097
   43    85 0.0008522727 0.0008522727     5809    11618    58097
   43    86 0.0008522727 0.0008522727     5809    11618    58097
   43    87 0.0008522727 0.0008522727     5809    11618    58097
   43    88 0.0008522727 0.0008522727     5809    11618    58097
   43    89 0.0008522727 0.0008522727     5809    11618    58097
   43    90 0.0008522727 0.0008522727     5809    11618    58097
   43    91 0.0008522727 0.0008522727     5809    11618    58097
   43    92 0.0008522727 0.0008522727     5809    11618    58097
   43    93 0.0008522727 0.0008522727     5809    11618    58097
   43    94 0.0008522727 0.0008522727     5809    11618    58097
   43    95 0.0008522727 0.0008522727     5809    11618    58097
   43   103 0.0001065043 0.0001065043    11618    58096    58097
   44    48 0.0008522727 0.0008522727     5809    11618    58097
   44    49 0.0008522727 0.0008522727     5809    11618    58097
   44    50 0.0008522727 0.0008522727     5809    11618    58097
   44    51 0.0008522727 0.0008522727     5809    11618    58097
   44    52 0.0008522727 0.0008522727     5809    11618    58097
   44    53 0.0008522727 0.0008522727     5809    11618    58097
   44    54 0.0008522727 0.0008522727     5809    11618    58097
   44    55 0.0008522727 0.0008522727     5809    11618    58097
   44    56 0.0008522727 0.0008522727     5809    11618    58097
   44    57 0.0008522727 0.0008522727     5809    11618    58097
   44    58 0.0008522727 0.0008522727     5809    11618    58097
   44    59 0.0008522727 0.0008522727     5809    11618    58097
   44    60 0.0008522727 0.0008522727     5809    11618    58097
   44    61 0.0008522727 0.0008522727     5809    11618    58097
   44    62 0.0008522727 0.0008522727     5809    11618    58097
   44    63 0.0008522727 0.0008522727     5809    11618    58097
   44    64 0.0008522727 0.0008522727     5809    11618    58097
   44    65 0.0008522727 0.0008522727     5809    11618    58097
   44    66 0.0008522727 0.0008522727     5809    11618    58097
   44    67 0.0008522727 0.0008522727     5809    11618    58097
   44    68 0.0008522727 0.0008522727     5809    11618    58097
   44    69 0.0008522727 0.0008522727     5809    11618    58097
   44    70 0.0008522727 0.0008522727     5809    11618    58097
   44    71 0.0008522727 0.0008522727     5809    11618    58097
   44    72 0.0008522727 0.0008522727     5809    11618    58097
   44    73 0.0008522727 0.0008522727     5809    11618    58097
   44    74 0.0008522727 0.0008522727     5809    11618    58097
   44    75 0.0008522727 0.0008522727     5809    11618    58097
   44    76 0.0008522727 0.0008522727     5809    11618    58097
   44    77 0.0008522727 0.0008522727     5809    11618    58097
   44    78 0.0008522727 0.0008522727     5809    11618    58097
   44    79 0.0008522727 0.0008522727     5809    11618    58097
   44    80 0.0008522727 0.0008522727     5809    11618    58097
   44    81 0.0008522727 0.0008522727     5809    11618    58097
   44    82 0.0008522727 0.0008522727     5809    11618    58097
   44    83 0.0008522727 0.0008522727     5809    11618    58097
   44    84 0.0008522727 0.0008522727     5809    11618    58097
   44    85 0.0008522727 0.0008522727     5809    11618    58097
   44    86 0.0008522727 0.0008522727     5809    11618    58097
   44    87 0.0008522727 0.0008522727     5809    11618    58097
   44    88 0.0008522727 0.0008522727     5809    11618    58097
   44    89 0.0008522727 0.0008522727     5809    11618    58097
   44    90 0.0008522727 0.0008522727     5809    11618    58097
   44    91 0.0008522727 0.0008522727     5809    11618    58097
   44    92 0.0008522727 0.0008522727     5809    11618    58097
   44    93 0.0008522727 0.0008522727     5809    11618    58097
   44    94 0.0008522727 0.0008522727     5809    11618    58097
   44    95 0.0008522727 0.0008522727     5809    11618    58097
   44   104 0.0001065043 0.0001065043    11618    58096    58097
   45    48 0.0008522727 0.0008522727     5809    11618    58097
   45    49 0.0008522727 0.0008522727     5809    11618    58097
   45    50 0.0008522727 0.0008522727     5809    11618    58097
   45    51 0.0008522727 0.0008522727     5809    11618    58097
   45    52 0.0008522727 0.0008522727     5809    11618    58097
   45    53 0.0008522727 0.0008522727     5809    11618    58097
   45    54 0.0008522727 0.0008522727     5809    11618    58097
   45    55 0.0008522727 0.0008522727     5809    11618    58097
   45    56 0.0008522727 0.0008522727     5809    11618    58097
   45    57 0.0008522727 0.0008522727     5809    11618    58097
   45    58 0.0008522727 0.0008522727     5809    11618    58097
   45    59 0.0008522727 0.0008522727     5809    11618    58097
   45    60 0.0008522727 0.0008522727     5809    11618    58097
   45    61 0.0008522727 0.0008522727     5809    11618    58097
   45    62 0.0008522727 0.0008522727     5809    11618    58097
   45    63 0.0008522727 0.0008522727     5809    11618    58097
   45    64 0.0008522727 0.0008522727     5809    11618    58097
   45    65 0.0008522727 0.0008522727     5809    11618    58097
   45    66 0.0008522727 0.0008522727     5809    11618    58097
   45    67 0.0008522727 0.0008522727     5809    11618    58097
   45    68 0.0008522727 0.0008522727     5809    11618    58097
   45    69 0.0008522727 0.0008522727     5809    11618    58097
   45    70 0.0008522727 0.0008522727     5809    11618    58097
   45    71 0.0008522727 0.0008522727     5809    11618    58097
   45    72 0.0008522727 0.0008522727     5809    11618    58097
   45    73 0.0008522727 0.0008522727     5809    11618    58097
   45    74 0.0008522727 0.0008522727     5809    11618    58097
   45    75 0.0008522727 0.0008522727     5809    11618    58097
   45    76 0.0008522727 0.0008522727     5809    11618    58097
   45    77 0.0008522727 0.0008522727     5809    11618    58097
   45    78 0.0008522727 0.0008522727     5809    11618    58097
   45    79 0.0008522727 0.0008522727     5809    11618    58097
   45    80 0.0008522727 0.0008522727     5809    11618    58097
   45    81 0.0008522727 0.0008522727     5809    11618    58097
   45    82 0.0008522727 0.0008522727     5809    11618    58097
   45    83 0.0008522727 0.0008522727     5809    11618    58097
   45    84 0.0008522727 0.0008522727     5809    11618    58097
   45    85 0.0008522727 0.0008522727     5809    11618    58097
   45    86 0.0008522727 0.0008522727     5809    11618    58097
   45    87 0.0008522727 0.0008522727     5809    11618    58097
   45    88 0.0008522727 0.0008522727     5809    11618    58097
   45    89 0.0008522727 0.0008522727     5809    11618    58097
   45    90 0.0008522727 0.0008522727     5809    11618    58097
   45    91 0.0008522727 0.0008522727     5809    11618    58097
   45    92 0.0008522727 0.0008522727     5809    11618    58097
   45    93 0.0008522727 0.0008522727     5809    11618    58097
   45    94 0.0008522727 0.0008522727     5809    11618    58097
   45    95 0.0008522727 0.0008522727     5809    11618    58097
   45   105 0.0001065043 0.0001065043    11618    58096    58097
   46    48 0.0008522727 0.0008522727     5809    11618    58097
   46    49 0.0008522727 0.0008522727     5809    11618    58097
   46    50 0.0008522727 0.0008522727     5809    11618    58097
   46    51 0.0008522727 0.0008522727     5809    11618    58097
   46    52 0.0008522727 0.0008522727     5809    11618    58097
   46    53 0.0008522727 0.0008522727     5809    11618    58097
   46    54 0.0008522727 0.0008522727     5809    11618    58097
   46    55 0.0008522727 0.0008522727     5809    11618    58097
   46    56 0.0008522727 0.0008522727     5809    11618    58097
   46    57 0.0008522727 0.0008522727     5809    11618    58097
   46    58 0.0008522727 0.0008522727     5809    11618    58097
   46    59 0.0008522727 0.0008522727     5809    11618    58097
   46    60 0.0008522727 0.0008522727     5809    11618    58097
   46    61 0.0008522727 0.0008522727     5809    11618    58097
   46    62 0.0008522727 0.0008522727     5809    11618    58097
   46    63 0.0008522727 0.0008522727     5809    11618    58097
   46    64 0.0008522727 0.0008522727     5809    11618    58097
   46    65 0.0008522727 0.0008522727     5809    11618    58097
   46    66 0.0008522727 0.0008522727     5809    11618    58097
   46    67 0.0008522727 0.0008522727     5809    11618    58097
   46    68 0.0008522727 0.0008522727     5809    11618    58097
   46    69 0.0008522727 0.0008522727     5809    11618    58097
   46    70 0.0008522727 0.0008522727     5809    11618    58097
   46    71 0.0008522727 0.0008522727     5809    11618    58097
   46    72 0.0008522727 0.0008522727     5809    11618    58097
   46    73 0.0008522727 0.0008522727     5809    11618    58097
   46    74 0.0008522727 0.0008522727     5809    11618    58097
   46    75 0.0008522727 0.0008522727     5809    11618    58097
   46    76 0.0008522727 0.0008522727     5809    11618    58097
   46    77 0.0008522727 0.0008522727     5809    11618    58097
   46    78 0.0008522727 0.0008522727     5809    11618    58097
   46    79 0.0008522727 0.0008522727     5809    11618    58097
   46    80 0.0008522727 0.0008522727     5809    11618    58097
   46    81 0.0008522727 0.0008522727     5809    11618    58097
   46    82 0.0008522727 0.0008522727     5809    11618    58097
   46    83 0.0008522727 0.0008522727     5809    11618    58097
   46    84 0.0008522727 0.0008522727     5809    11618    58097
   46    85 0.0008522727 0.0008522727     5809    11618    58097
   46    86 0.0008522727 0.0008522727     5809    11618    58097
   46    87 0.0008522727 0.0008522727     5809    11618    58097
   46    88 0.0008522727 0.0008522727     5809    11618    58097
   46    89 0.0008522727 0.0008522727     5809    11618    58097
   46    90 0.0008522727 0.0008522727     5809    11618    58097
   46    91 0.0008522727 0.0008522727     5809    11618    58097
   46    92 0.0008522727 0.0008522727     5809    11618    58097
   46    93 0.0008522727 0.0008522727     5809    11618    58097
   46    94 0.0008522727 0.0008522727     5809    11618    58097
   46    95 0.0008522727 0.0008522727     5809    11618    58097
   46   106 0.0001065043 0.0001065043    11618    58096    58097
   47    48 0.0008522727 0.0008522727     5809    11618    58097
   47    49 0.0008522727 0.0008522727     5809    11618    58097
   47    50 0.0008522727 0.0008522727     5809    11618    58097
   47    51 0.0008522727 0.0008522727     5809    11618    58097
   47    52 0.0008522727 0.0008522727     5809    11618    58097
   47    53 0.0008522727 0.0008522727     5809    11618    58097
   47    54 0.0008522727 0.0008522727     5809    11618    58097
   47    55 0.0008522727 0.0008522727     5809    11618    58097
   47    56 0.0008522727 0.0008522727     5809    11618    58097
   47    57 0.0008522727 0.0008522727     5809    11618    58097
   47    58 0.0008522727 0.0008522727     5809    11618    58097
   47    59 0.0008522727 0.0008522727     5809    11618    58097
   47    60 0.0008522727 0.0008522727     5809    11618    58097
   47    61 0.0008522727 0.0008522727     5809    11618    58097
   47    62 0.0008522727 0.0008522727     5809    11618    58097
   47    63 0.0008522727 0.0008522727     5809    11618    58097
   47    64 0.0008522727 0.0008522727     5809    11618    58097
   47    65 0.0008522727 0.0008522727     5809    11618    58097
   47    66 0.0008522727 0.0008522727     5809    11618    58097
   47    67 0.0008522727 0.0008522727     5809    11618    58097
   47    68 0.0008522727 0.0008522727     5809    11618    58097
   47    69 0.0008522727 0.0008522727     5809    11618    58097
   47    70 0.0008522727 0.0008522727     5809    11618    58097
   47    71 0.0008522727 0.0008522727     5809    11618    58097
   47    72 0.0008522727 0.0008522727     5809    11618    58097
   47    73 0.0008522727 0.0008522727     5809    11618    58097
   47    74 0.0008522727 0.0008522727     5809    11618    58097
   47    75 0.0008522727 0.0008522727     5809    11618    58097
   47    76 0.0008522727 0.0008522727     5809    11618    58097
   47    77 0.0008522727 0.0008522727     5809    11618    58097
   47    78 0.0008522727 0.0008522727     5809    11618    58097
   47    79 0.0008522727 0.0008522727     5809    11618    58097
   47    80 0.0008522727 0.0008522727     5809    11618    58097
   47    81 0.0008522727 0.0008522727     5809    11618    58097
   47    82 0.0008522727 0.0008522727     5809    11618    58097
   47    83 0.0008522727 0.0008522727     5809    11618    58097
   47    84 0.0008522727 0.0008522727     5809    11618    58097
   47    85 0.0008522727 0.0008522727     5809    11618    58097
   47    86 0.0008522727 0.0008522727     5809    11618    58097
   47    87 0.0008522727 0.0008522727     5809    11618    58097
   47    88 0.0008522727 0.0008522727     5809    11618    58097
   47    89 0.0008522727 0.0008522727     5809    11618    58097
   47    90 0.0008522727 0.0008522727     5809    11618    58097
   47    91 0.0008522727 0.0008522727     5809    11618    58097
   47    92 0.0008522727 0.0008522727     5809    11618    58097
   47    93 0.0008522727 0.0008522727     5809    11618    58097
   47    94 0.0008522727 0.0008522727     5809    11618    58097
   47    95 0.0008522727 0.0008522727     5809    11618    58097
   47   107 0.0001065043 0.0001065043    11618    58096    58097
   48    96 0.0002130132 0.0002130132    11618    34857    58097
   48    97 0.0002130132 0.0002130132    11618    34857    58097
   48    98 0.0002130132 0.0002130132    11618    34857    58097
   48    99 0.0002130132 0.0002130132    11618    34857    58097
   48   100 0.0002130132 0.0002130132    11618    34857    58097
   48   101 0.0002130132 0.0002130132    11618    34857    58097
   48   102 0.0002130132 0.0002130132    11618    34857    58097
   48   103 0.0002130132 0.0002130132    11618    34857    58097
   48   104 0.0002130132 0.0002130132    11618    34857    58097
   48   105 0.0002130132 0.0002130132    11618    34857    58097
   48   106 0.0002130132 0.0002130132    11618    34857    58097
   48   107 0.0002130132 0.0002130132    11618    34857    58097
   49    96 0.0002130132 0.0002130132    11618    34857    58097
   49    97 0.0002130132 0.0002130132    11618    34857    58097
   49    98 0.0002130132 0.0002130132    11618    34857    58097
   49    99 0.0002130132 0.0002130132    11618    34857    58097
   49   100 0.0002130132 0.0002130132    11618    34857    58097
   49   101 0.0002130132 0.0002130132    11618    34857    58097
   49   102 0.0002130132 0.0002130132    11618    34857    58097
   49   103 0.0002130132 0.0002130132    11618    34857    58097
   49   104 0.0002130132 0.0002130132    11618    34857    58097
   49   105 0.0002130132 0.0002130132    11618    34857    58097
   49   106 0.0002130132 0.0002130132    11618    34857    58097
   49   107 0.0002130132 0.0002130132    11618    34857    58097
   50    96 0.0002130132 0.0002130132    11618    34857    58097
   50    97 0.0002130132 0.0002130132    11618    34857    58097
   50    98 0.0002130132 0.0002130132    11618    34857    58097
   50    99 0.0002130132 0.0002130132    11618    34857    58097
   50   100 0.0002130132 0.0002130132    11618    34857    58097
   50   101 0.0002130132 0.0002130132    11618    34857    58097
   50   102 0.0002130132 0.0002130132    11618    34857    58097
   50   103 0.0002130132 0.0002130132    11618    34857    58097
   50   104 0.0002130132 0.0002130132    11618    34857    58097
   50   105 0.0002130132 0.0002130132    11618    34857    58097
   50   106 0.0002130132 0.0002130132    11618    34857    58097
   50   107 0.0002130132 0.0002130132    11618    34857    58097
   51    96 0.0002130132 0.0002130132    11618    34857    58097
   51    97 0.0002130132 0.0002130132    11618    34857    58097
   51    98 0.0002130132 0.0002130132    11618    34857    58097
   51    99 0.0002130132 0.0002130132    11618    34857    58097
   51   100 0.0002130132 0.0002130132    11618    34857    58097
   51   101 0.0002130132 0.0002130132    11618    34857    58097
   51   102 0.0002130132 0.0002130132    11618    34857    58097
   51   103 0.0002130132 0.0002130132    11618    34857    58097
   51   104 0.0002130132 0.0002130132    11618    34857    58097
   51   105 0.0002130132 0.0002130132    11618    34857    58097
   51   106 0.0002130132 0.0002130132    11618    34857    58097
   51   107 0.0002130132 0.0002130132    11618    34857    58097
   52    96 0.0002130132 0.0002130132    11618    34857    58097
   52    97 0.0002130132 0.0002130132    11618    34857    58097
   52    98 0.0002130132 0.0002130132    11618    34857    58097
   52    99 0.0002130132 0.0002130132    11618    34857    58097
   52   100 0.0002130132 0.0002130132    11618    34857    58097
   52   101 0.0002130132 0.0002130132    11618    34857    58097
   52   102 0.0002130132 0.0002130132    11618    34857    58097
   52   103 0.0002130132 0.0002130132    11618    34857    58097
   52   104 0.0002130132 0.0002130132    11618    34857    58097
   52   105 0.0002130132 0.0002130132    11618    34857    58097
   52   106 0.0002130132 0.0002130132    11618    34857    58097
   52   107 0.0002130132 0.0002130132    11618    34857    58097
   53    96 0.0002130132 0.0002130132    11618    34857    58097
   53    97 0.0002130132 0.0002130132    11618    34857    58097
   53    98 0.0002130132 0.0002130132    11618    34857    58097
   53    99 0.0002130132 0.0002130132    11618    34857    58097
   53   100 0.0002130132 0.0002130132    11618    34857    58097
   53   101 0.0002130132 0.0002130132    11618    34857    58097
   53   102 0.0002130132 0.0002130132    11618    34857    58097
   53   103 0.0002130132 0.0002130132    11618    34857    58097
   53   104 0.0002130132 0.0002130132    11618    34857    58097
   53   105 0.0002130132 0.0002130132    11618    34857    58097
   53   106 0.0002130132 0.0002130132    11618    34857    58097
   53   107 0.0002130132 0.0002130132    11618    34857    58097
   54    96 0.0002130132 0.0002130132    11618    34857    58097
   54    97 0.0002130132 0.0002130132    11618    34857    58097
   54    98 0.0002130132 0.0002130132    11618    34857    58097
   54    99 0.0002130132 0.0002130132    11618    34857    58097
   54   100 0.0002130132 0.0002130132    11618    34857    58097
   54   101 0.0002130132 0.0002130132    11618    34857    58097
   54   102 0.0002130132 0.0002130132    11618    34857    58097
   54   103 0.0002130132 0.0002130132    11618    34857    58097
   54   104 0.0002130132 0.0002130132    11618    34857    58097
   54   105 0.0002130132 0.0002130132    11618    34857    58097
   54   106 0.0002130132 0.0002130132    11618    34857    58097
   54   107 0.0002130132 0.0002130132    11618    34857    58097
   55    96 0.0002130132 0.0002130132    11618    34857    58097
   55    97 0.0002130132 0.0002130132    11618    34857    58097
   55    98 0.0002130132 0.0002130132    11618    34857    58097
   55    99 0.0002130132 0.0002130132    11618    34857    58097
   55   100 0.0002130132 0.0002130132    11618    34857    58097
   55   101 0.0002130132 0.0002130132    11618    34857    58097
   55   102 0.0002130132 0.0002130132    11618    34857    58097
   55   103 0.0002130132 0.0002130132    11618    34857    58097
   55   104 0.0002130132 0.0002130132    11618    34857    58097
   55   105 0.0002130132 0.0002130132    11618    34857    58097
   55   106 0.0002130132 0.0002130132    11618    34857    58097
   55   107 0.0002130132 0.0002130132    11618    34857    58097
   56    96 0.0002130132 0.0002130132    11618    34857    58097
   56    97 0.0002130132 0.0002130132    11618    34857    58097
   56    98 0.0002130132 0.0002130132    11618    34857    58097
   56    99 0.0002130132 0.0002130132    11618    34857    58097
   56   100 0.0002130132 0.0002130132    11618    34857    58097
   56   101 0.0002130132 0.0002130132    11618    34857    58097
   56   102 0.0002130132 0.0002130132    11618    34857    58097
   56   103 0.0002130132 0.0002130132    11618    34857    58097
   56   104 0.0002130132 0.0002130132    11618    34857    58097
   56   105 0.0002130132 0.0002130132    11618    34857    58097
   56   106 0.0002130132 0.0002130132    11618    34857    58097
   56   107 0.0002130132 0.0002130132    11618    34857    58097
   57    96 0.0002130132 0.0002130132    11618    34857    58097
   57    97 0.0002130132 0.0002130132    11618    34857    58097
   57    98 0.0002130132 0.0002130132    11618    34857    58097
   57    99 0.0002130132 0.0002130132    11618    34857    58097
   57   100 0.0002130132 0.0002130132    11618    34857    58097
   57   101 0.0002130132 0.0002130132    11618    34857    58097
   57   102 0.0002130132 0.0002130132    11618    34857    58097
   57   103 0.0002130132 0.0002130132    11618    34857    58097
   57   104 0.0002130132 0.0002130132    11618    34857    58097
   57   105 0.0002130132 0.0002130132    11618    34857    58097
   57   106 0.0002130132 0.0002130132    11618    34857    58097
   57   107 0.0002130132 0.0002130132    11618    34857    58097
   58    96 0.0002130132 0.0002130132    11618    34857    58097
   58    97 0.0002130132 0.0002130132    11618    34857    58097
   58    98 0.0002130132 0.0002130132    11618    34857    58097
   58    99 0.0002130132 0.0002130132    11618    34857    58097
   58   100 0.0002130132 0.0002130132    11618    34857    58097
   58   101 0.0002130132 0.0002130132    11618    34857    58097
   58   102 0.0002130132 0.0002130132    11618    34857    58097
   58   103 0.0002130132 0.0002130132    11618    34857    58097
   58   104 0.0002130132 0.0002130132    11618    34857    58097
   58   105 0.0002130132 0.0002130132    11618    34857    58097
   58   106 0.0002130132 0.0002130132    11618    34857    58097
   58   107 0.0002130132 0.0002130132    11618    34857    58097
   59    96 0.0002130132 0.0002130132    11618    34857    58097
   59    97 0.0002130132 0.0002130132    11618    34857    58097
   59    98 0.0002130132 0.0002130132    11618    34857    58097
   59    99 0.0002130132 0.0002130132    11618    34857    58097
   59   100 0.0002130132 0.0002130132    11618    34857    58097
   59   101 0.0002130132 0.0002130132    11618    34857    58097
   59   102 0.0002130132 0.0002130132    11618    34857    58097
   59   103 0.0002130132 0.0002130132    11618    34857    58097
   59   104 0.0002130132 0.0002130132    11618    34857    58097
   59   105 0.0002130132 0.0002130132    11618    34857    58097
   59   106 0.0002130132 0.0002130132    11618    34857    58097
   59   107 0.0002130132 0.0002130132    11618    34857    58097
   60    96 0.0002130132 0.0002130132    11618    34857    58097
   60    97 0.0002130132 0.0002130132    11618    34857    58097
   60    98 0.0002130132 0.0002130132    11618    34857    58097
   60    99 0.0002130132 0.0002130132    11618    34857    58097
   60   100 0.0002130132 0.0002130132    11618    34857    58097
   60   101 0.0002130132 0.0002130132    11618    34857    58097
   60   102 0.0002130132 0.0002130132    11618    34857    58097
   60   103 0.0002130132 0.0002130132    11618    34857    58097
   60   104 0.0002130132 0.0002130132    11618    34857    58097
   60   105 0.0002130132 0.0002130132    11618    34857    58097
   60   106 0.0002130132 0.0002130132    11618    34857    58097
   60   107 0.0002130132 0.0002130132    11618    34857    58097
   61    96 0.0002130132 0.0002130132    11618    34857    58097
   61    97 0.0002130132 0.0002130132    11618    34857    58097
   61    98 0.0002130132 0.0002130132    11618    34857    58097
   61    99 0.0002130132 0.0002130132    11618    34857    58097
   61   100 0.0002130132 0.0002130132    11618    34857    58097
   61   101 0.0002130132 0.0002130132    11618    34857    58097
   61   102 0.0002130132 0.0002130132    11618    34857    58097
   61   103 0.0002130132 0.0002130132    11618    34857    58097
   61   104 0.0002130132 0.0002130132    11618    34857    58097
   61   105 0.0002130132 0.0002130132    11618    34857    58097
   61   106 0.0002130132 0.0002130132    11618    34857    58097
   61   107 0.0002130132 0.0002130132    11618    34857    58097
   62    96 0.0002130132 0.0002130132    11618    34857    58097
   62    97 0.0002130132 0.0002130132    11618    34857    58097
   62    98 0.0002130132 0.0002130132    11618    34857    58097
   62    99 0.0002130132 0.0002130132    11618    34857    58097
   62   100 0.0002130132 0.0002130132    11618    34857    58097
   62   101 0.0002130132 0.0002130132    11618    34857    58097
   62   102 0.0002130132 0.0002130132    11618    34857    58097
   62   103 0.0002130132 0.0002130132    11618    34857    58097
   62   104 0.0002130132 0.0002130132    11618    34857    58097
   62   105 0.0002130132 0.0002130132    11618    34857    58097
   62   106 0.0002130132 0.0002130132    11618    34857    58097
   62   107 0.0002130132 0.0002130132    11618    34857    58097
   63    96 0.0002130132 0.0002130132    11618    34857    58097
   63    97 0.0002130132 0.0002130132    11618    34857    58097
   63    98 0.0002130132 0.0002130132    11618    34857    58097
   63    99 0.0002130132 0.0002130132    11618    34857    58097
   63   100 0.0002130132 0.0002130132    11618    34857    58097
   63   101 0.0002130132 0.0002130132    11618    34857    58097
   63   102 0.0002130132 0.0002130132    11618    34857    58097
   63   103 0.0002130132 0.0002130132    11618    34857    58097
   63   104 0.0002130132 0.0002130132    11618    34857    58097
   63   105 0.0002130132 0.0002130132    11618    34857    58097
   63   106 0.0002130132 0.0002130132    11618    34857    58097
   63   107 0.0002130132 0.0002130132    11618    34857    58097
   64    96 0.0002130132 0.0002130132    11618    34857    58097
   64    97 0.0002130132 0.0002130132    11618    34857    58097
   64    98 0.0002130132 0.0002130132    11618    34857    58097
   64    99 0.0002130132 0.0002130132    11618    34857    58097
   64   100 0.0002130132 0.0002130132    11618    34857    58097
   64   101 0.0002130132 0.0002130132    11618    34857    58097
   64   102 0.0002130132 0.0002130132    11618    34857    58097
   64   103 0.0002130132 0.0002130132    11618    34857    58097
   64   104 0.0002130132 0.0002130132    11618    34857    58097
   64   105 0.0002130132 0.0002130132    11618    34857    58097
   64   106 0.0002130132 0.0002130132    11618    34857    58097
   64   107 0.0002130132 0.0002130132    11618    34857    58097
   65    96 0.0002130132 0.0002130132    11618    34857    58097
   65    97 0.0002130132 0.0002130132    11618    34857    58097
   65    98 0.0002130132 0.0002130132    11618    34857    58097
   65    99 0.0002130132 0.0002130132    11618    34857    58097
   65   100 0.0002130132 0.0002130132    11618    34857    58097
   65   101 0.0002130132 0.0002130132    11618    34857    58097
   65   102 0.0002130132 0.0002130132    11618    34857    58097
   65   103 0.0002130132 0.0002130132    11618    34857    58097
   65   104 0.0002130132 0.0002130132    11618    34857    58097
   65   105 0.0002130132 0.0002130132    11618    34857    58097
   65   106 0.0002130132 0.0002130132    11618    34857    58097
   65   107 0.0002130132 0.0002130132    11618    34857    58097
   66    96 0.0002130132 0.0002130132    11618    34857    58097
   66    97 0.0002130132 0.0002130132    11618    34857    58097
   66    98 0.0002130132 0.0002130132    11618    34857    58097
   66    99 0.0002130132 0.0002130132    11618    34857    58097
   66   100 0.0002130132 0.0002130132    11618    34857    58097
   66   101 0.0002130132 0.0002130132    11618    34857    58097
   66   102 0.0002130132 0.0002130132    11618    34857    58097
   66   103 0.0002130132 0.0002130132    11618    34857    58097
   66   104 0.0002130132 0.0002130132    11618    34857    58097
   66   105 0.0002130132 0.0002130132    11618    34857    58097
   66   106 0.0002130132 0.0002130132    11618    34857    58097
   66   107 0.0002130132 0.0002130132    11618    34857    58097
   67    96 0.0002130132 0.0002130132    11618    34857    58097
   67    97 0.0002130132 0.0002130132    11618    34857    58097
   67    98 0.0002130132 0.0002130132    11618    34857    58097
   67    99 0.0002130132 0.0002130132    11618    34857    58097
   67   100 0.0002130132 0.0002130132    11618    34857    58097
   67   101 0.0002130132 0.0002130132    11618    34857    58097
   67   102 0.0002130132 0.0002130132    11618    34857    58097
   67   103 0.0002130132 0.0002130132    11618    34857    58097
   67   104 0.0002130132 0.0002130132    11618    34857    58097
   67   105 0.0002130132 0.0002130132    11618    34857    58097
   67   106 0.0002130132 0.0002130132    11618    34857    58097
   67   107 0.0002130132 0.0002130132    11618    34857    58097
   68    96 0.0002130132 0.0002130132    11618    34857    58097
   68    97 0.0002130132 0.0002130132    11618    34857    58097
   68    98 0.0002130132 0.0002130132    11618    34857    58097
   68    99 0.0002130132 0.0002130132    11618    34857    58097
   68   100 0.0002130132 0.0002130132    11618    34857    58097
   68   101 0.0002130132 0.0002130132    11618    34857    58097
   68   102 0.0002130132 0.0002130132    11618    34857    58097
   68   103 0.0002130132 0.0002130132    11618    34857    58097
   68   104 0.0002130132 0.0002130132    11618    34857    58097
   68   105 0.0002130132 0.0002130132    11618    34857    58097
   68   106 0.0002130132 0.0002130132    11618    34857    58097
   68   107 0.0002130132 0.0002130132    11618    34857    58097
   69    96 0.0002130132 0.0002130132    11618    34857    58097
   69    97 0.0002130132 0.0002130132    11618    34857    58097
   69    98 0.0002130132 0.0002130132    11618    34857    58097
   69    99 0.0002130132 0.0002130132    11618    34857    58097
   69   100 0.0002130132 0.0002130132    11618    34857    58097
   69   101 0.0002130132 0.0002130132    11618    34857    58097
   69   102 0.0002130132 0.0002130132    11618    34857    58097
   69   103 0.0002130132 0.0002130132    11618    34857    58097
   69   104 0.0002130132 0.0002130132    11618    34857    58097
   69   105 0.0002130132 0.0002130132    11618    34857    58097
   69   106 0.0002130132 0.0002130132    11618    34857    58097
   69   107 0.0002130132 0.0002130132    11618    34857    58097
   70    96 0.0002130132 0.0002130132    11618    34857    58097
   70    97 0.0002130132 0.0002130132    11618    34857    58097
   70    98 0.0002130132 0.0002130132    11618    34857    58097
   70    99 0.0002130132 0.0002130132    11618    34857    58097
   70   100 0.0002130132 0.0002130132    11618    34857    58097
   70   101 0.0002130132 0.0002130132    11618    34857    58097
   70   102 0.0002130132 0.0002130132    11618    34857    58097
   70   103 0.0002130132 0.0002130132    11618    34857    58097
   70   104 0.0002130132 0.0002130132    11618    34857    58097
   70   105 0.0002130132 0.0002130132    11618    34857    58097
   70   106 0.0002130132 0.0002130132    11618    34857    58097
   70   107 0.0002130132 0.0002130132    11618    34857    58097
   71    96 0.0002130132 0.0002130132    11618    34857    58097
   71    97 0.0002130132 0.0002130132    11618    34857    58097
   71    98 0.0002130132 0.0002130132    11618    34857    58097
   71    99 0.0002130132 0.0002130132    11618    34857    58097
   71   100 0.0002130132 0.0002130132    11618    34857    58097
   71   101 0.0002130132 0.0002130132    11618    34857    58097
   71   102 0.0002130132 0.0002130132    11618    34857    58097
   71   103 0.0002130132 0.0002130132    11618    34857    58097
   71   104 0.0002130132 0.0002130132    11618    34857    58097
   71   105 0.0002130132 0.0002130132    11618    34857    58097
   71   106 0.0002130132 0.0002130132    11618    34857    58097
   71   107 0.0002130132 0.0002130132    11618    34857    58097
   72    96 0.0002130132 0.0002130132    11618    34857    58097
   72    97 0.0002130132 0.0002130132    11618    34857    58097
   72    98 0.0002130132 0.0002130132    11618    34857    58097
   72    99 0.0002130132 0.0002130132    11618    34857    58097
   72   100 0.0002130132 0.0002130132    11618    34857    58097
   72   101 0.0002130132 0.0002130132    11618    34857    58097
   72   102 0.0002130132 0.0002130132    11618    34857    58097
   72   103 0.0002130132 0.0002130132    11618    34857    58097
   72   104 0.0002130132 0.0002130132    11618    34857    58097
   72   105 0.0002130132 0.0002130132    11618    34857    58097
   72   106 0.0002130132 0.0002130132    11618    34857    58097
   72   107 0.0002130132 0.0002130132    11618    34857    58097
   73    96 0.0002130132 0.0002130132    11618    34857    58097
   73    97 0.0002130132 0.0002130132    11618    34857    58097
   73    98 0.0002130132 0.0002130132    11618    34857    58097
   73    99 0.0002130132 0.0002130132    11618    34857    58097
   73   100 0.0002130132 0.0002130132    11618    34857    58097
   73   101 0.0002130132 0.0002130132    11618    34857    58097
   73   102 0.0002130132 0.0002130132    11618    34857    58097
   73   103 0.0002130132 0.0002130132    11618    34857    58097
   73   104 0.0002130132 0.0002130132    11618    34857    58097
   73   105 0.0002130132 0.0002130132    11618    34857    58097
   73   106 0.0002130132 0.0002130132    11618    34857    58097
   73   107 0.0002130132 0.0002130132    11618    34857    58097
   74    96 0.0002130132 0.0002130132    11618    34857    58097
   74    97 0.0002130132 0.0002130132    11618    34857    58097
   74    98 0.0002130132 0.0002130132    11618    34857    58097
   74    99 0.0002130132 0.0002130132    11618    34857    58097
   74   100 0.0002130132 0.0002130132    11618    34857    58097
   74   101 0.0002130132 0.0002130132    11618    34857    58097
   74   102 0.0002130132 0.0002130132    11618    34857    58097
   74   103 0.0002130132 0.0002130132    11618    34857    58097
   74   104 0.0002130132 0.0002130132    11618    34857    58097
   74   105 0.0002130132 0.0002130132    11618    34857    58097
   74   106 0.0002130132 0.0002130132    11618    34857    58097
   74   107 0.0002130132 0.0002130132    11618    34857    58097
   75    96 0.0002130132 0.0002130132    11618    34857    58097
   75    97 0.0002130132 0.0002130132    11618    34857    58097
   75    98 0.0002130132 0.0002130132    11618    34857    58097
   75    99 0.0002130132 0.0002130132    11618    34857    58097
   75   100 0.0002130132 0.0002130132    11618    34857    58097
   75   101 0.0002130132 0.0002130132    11618    34857    58097
   75   102 0.0002130132 0.0002130132    11618    34857    58097
   75   103 0.0002130132 0.0002130132    11618    34857    58097
   75   104 0.0002130132 0.0002130132    11618    34857    58097
   75   105 0.0002130132 0.0002130132    11618    34857    58097
   75   106 0.0002130132 0.0002130132    11618    34857    58097
   75   107 0.0002130132 0.0002130132    11618    34857    58097
   76    96 0.0002130132 0.0002130132    11618    34857    58097
   76    97 0.0002130132 0.0002130132    11618    34857    58097
   76    98 0.0002130132 0.0002130132    11618    34857    58097
   76    99 0.0002130132 0.0002130132    11618    34857    58097
   76   100 0.0002130132 0.0002130132    11618    34857    58097
   76   101 0.0002130132 0.0002130132    11618    34857    58097
   76   102 0.0002130132 0.0002130132    11618    34857    58097
   76   103 0.0002130132 0.0002130132    11618    34857    58097
   76   104 0.0002130132 0.0002130132    11618    34857    58097
   76   105 0.0002130132 0.0002130132    11618    34857    58097
   76   106 0.0002130132 0.0002130132    11618    34857    58097
   76   107 0.0002130132 0.0002130132    11618    34857    58097
   77    96 0.0002130132 0.0002130132    11618    34857    58097
   77    97 0.0002130132 0.0002130132    11618    34857    58097
   77    98 0.0002130132 0.0002130132    11618    34857    58097
   77    99 0.0002130132 0.0002130132    11618    34857    58097
   77   100 0.0002130132 0.0002130132    11618    34857    58097
   77   101 0.0002130132 0.0002130132    11618    34857    58097
   77   102 0.0002130132 0.0002130132    11618    34857    58097
   77   103 0.0002130132 0.0002130132    11618    34857    58097
   77   104 0.0002130132 0.0002130132    11618    34857    58097
   77   105 0.0002130132 0.0002130132    11618    34857    58097
   77   106 0.0002130132 0.0002130132    11618    34857    58097
   77   107 0.0002130132 0.0002130132    11618    34857    58097
   78    96 0.0002130132 0.0002130132    11618    34857    58097
   78    97 0.0002130132 0.0002130132    11618    34857    58097
   78    98 0.0002130132 0.0002130132    11618    34857    58097
   78    99 0.0002130132 0.0002130132    11618    34857    58097
   78   100 0.0002130132 0.0002130132    11618    34857    58097
   78   101 0.0002130132 0.0002130132    11618    34857    58097
   78   102 0.0002130132 0.0002130132    11618    34857    58097
   78   103 0.0002130132 0.0002130132    11618    34857    58097
   78   104 0.0002130132 0.0002130132    11618    34857    58097
   78   105 0.0002130132 0.0002130132    11618    34857    58097
   78   106 0.0002130132 0.0002130132    11618    34857    58097
   78   107 0.0002130132 0.0002130132    11618    34857    58097
   79    96 0.0002130132 0.0002130132    11618    34857    58097
   79    97 0.0002130132 0.0002130132    11618    34857    58097
   79    98 0.0002130132 0.0002130132    11618    34857    58097
   79    99 0.0002130132 0.0002130132    11618    34857    58097
   79   100 0.0002130132 0.0002130132    11618    34857    58097
   79   101 0.0002130132 0.0002130132    11618    34857    58097
   79   102 0.0002130132 0.0002130132    11618    34857    58097
   79   103 0.0002130132 0.0002130132    11618    34857    58097
   79   104 0.0002130132 0.0002130132    11618    34857    58097
   79   105 0.0002130132 0.0002130132    11618    34857    58097
   79   106 0.0002130132 0.0002130132    11618    34857    58097
   79   107 0.0002130132 0.0002130132    11618    34857    58097
   80    96 0.0002130132 0.0002130132    11618    34857    58097
   80    97 0.0002130132 0.0002130132    11618    34857    58097
   80    98 0.0002130132 0.0002130132    11618    34857    58097
   80    99 0.0002130132 0.0002130132    11618    34857    58097
   80   100 0.0002130132 0.0002130132    11618    34857    58097
   80   101 0.0002130132 0.0002130132    11618    34857    58097
   80   102 0.0002130132 0.0002130132    11618    34857    58097
   80   103 0.0002130132 0.0002130132    11618    34857    58097
   80   104 0.0002130132 0.0002130132    11618    34857    58097
   80   105 0.0002130132 0.0002130132    11618    34857    58097
   80   106 0.0002130132 0.0002130132    11618    34857    58097
   80   107 0.0002130132 0.0002130132    11618    34857    58097
   81    96 0.0002130132 0.0002130132    11618    34857    58097
   81    97 0.0002130132 0.0002130132    11618    34857    58097
   81    98 0.0002130132 0.0002130132    11618    34857    58097
   81    99 0.0002130132 0.0002130132    11618    34857    58097
   81   100 0.0002130132 0.0002130132    11618    34857    58097
   81   101 0.0002130132 0.0002130132    11618    34857    58097
   81   102 0.0002130132 0.0002130132    11618    34857    58097
   81   103 0.0002130132 0.0002130132    11618    34857    58097
   81   104 0.0002130132 0.0002130132    11618    34857    58097
   81   105 0.0002130132 0.0002130132    11618    34857    58097
   81   106 0.0002130132 0.0002130132    11618    34857    58097
   81   107 0.0002130132 0.0002130132    11618    34857    58097
   82    96 0.0002130132 0.0002130132    11618    34857    58097
   82    97 0.0002130132 0.0002130132    11618    34857    58097
   82    98 0.0002130132 0.0002130132    11618    34857    58097
   82    99 0.0002130132 0.0002130132    11618    34857    58097
   82   100 0.0002130132 0.0002130132    11618    34857    58097
   82   101 0.0002130132 0.0002130132    11618    34857    58097
   82   102 0.0002130132 0.0002130132    11618    34857    58097
   82   103 0.0002130132 0.0002130132    11618    34857    58097
   82   104 0.0002130132 0.0002130132    11618    34857    58097
   82   105 0.0002130132 0.0002130132    11618    34857    58097
   82   106 0.0002130132 0.0002130132    11618    34857    58097
   82   107 0.0002130132 0.0002130132    11618    34857    58097
   83    96 0.0002130132 0.0002130132    11618    34857    58097
   83    97 0.0002130132 0.0002130132    11618    34857    58097
   83    98 0.0002130132 0.0002130132    11618    34857    58097
   83    99 0.0002130132 0.0002130132    11618    34857    58097
   83   100 0.0002130132 0.0002130132    11618    34857    58097
   83   101 0.0002130132 0.0002130132    11618    34857    58097
   83   102 0.0002130132 0.0002130132    11618    34857    58097
   83   103 0.0002130132 0.0002130132    11618    34857    58097
   83   104 0.0002130132 0.0002130132    11618    34857    58097
   83   105 0.0002130132 0.0002130132    11618    34857    58097
   83   106 0.0002130132 0.0002130132    11618    34857    58097
   83   107 0.0002130132 0.0002130132    11618    34857    58097
   84    96 0.0002130132 0.0002130132    11618    34857    58097
   84    97 0.0002130132 0.0002130132    11618    34857    58097
   84    98 0.0002130132 0.0002130132    11618    34857    58097
   84    99 0.0002130132 0.0002130132    11618    34857    58097
   84   100 0.0002130132 0.0002130132    11618    34857    58097
   84   101 0.0002130132 0.0002130132    11618    34857    58097
   84   102 0.0002130132 0.0002130132    11618    34857    58097
   84   103 0.0002130132 0.0002130132    11618    34857    58097
   84   104 0.0002130132 0.0002130132    11618    34857    58097
   84   105 0.0002130132 0.0002130132    11618    34857    58097
   84   106 0.0002130132 0.0002130132    11618    34857    58097
   84   107 0.0002130132 0.0002130132    11618    34857    58097
   85    96 0.0002130132 0.0002130132    11618    34857    58097
   85    97 0.0002130132 0.0002130132    11618    34857    58097
   85    98 0.0002130132 0.0002130132    11618    34857    58097
   85    99 0.0002130132 0.0002130132    11618    34857    58097
   85   100 0.0002130132 0.0002130132    11618    34857    58097
   85   101 0.0002130132 0.0002130132    11618    34857    58097
   85   102 0.0002130132 0.0002130132    11618    34857    58097
   85   103 0.0002130132 0.0002130132    11618    34857    58097
   85   104 0.0002130132 0.0002130132    11618    34857    58097
   85   105 0.0002130132 0.0002130132    11618    34857    58097
   85   106 0.0002130132 0.0002130132    11618    34857    58097
   85   107 0.0002130132 0.0002130132    11618    34857    58097
   86    96 0.0002130132 0.0002130132    11618    34857    58097
   86    97 0.0002130132 0.0002130132    11618    34857    58097
   86    98 0.0002130132 0.0002130132    11618    34857    58097
   86    99 0.0002130132 0.0002130132    11618    34857    58097
   86   100 0.0002130132 0.0002130132    11618    34857    58097
   86   101 0.0002130132 0.0002130132    11618    34857    58097
   86   102 0.0002130132 0.0002130132    11618    34857    58097
   86   103 0.0002130132 0.0002130132    11618    34857    58097
   86   104 0.0002130132 0.0002130132    11618    34857    58097
   86   105 0.0002130132 0.0002130132    11618    34857    58097
   86   106 0.0002130132 0.0002130132    11618    34857    58097
   86   107 0.0002130132 0.0002130132    11618    34857    58097
   87    96 0.0002130132 0.0002130132    11618    34857    58097
   87    97 0.0002130132 0.0002130132    11618    34857    58097
   87    98 0.0002130132 0.0002130132    11618    34857    58097
   87    99 0.0002130132 0.0002130132    11618    34857    58097
   87   100 0.0002130132 0.0002130132    11618    34857    58097
   87   101 0.0002130132 0.0002130132    11618    34857    58097
   87   102 0.0002130132 0.0002130132    11618    34857    58097
   87   103 0.0002130132 0.0002130132    11618    34857    58097
   87   104 0.0002130132 0.0002130132    11618    34857    58097
   87   105 0.0002130132 0.0002130132    11618    34857    58097
   87   106 0.0002130132 0.0002130132    11618    34857    58097
   87   107 0.0002130132 0.0002130132    11618    34857    58097
   88    96 0.0002130132 0.0002130132    11618    34857    58097
   88    97 0.0002130132 0.0002130132    11618    34857    58097
   88    98 0.0002130132 0.0002130132    11618    34857    58097
   88    99 0.0002130132 0.0002130132    11618    34857    58097
   88   100 0.0002130132 0.0002130132    11618    34857    58097
   88   101 0.0002130132 0.0002130132    11618    34857    58097
   88   102 0.0002130132 0.0002130132    11618    34857    58097
   88   103 0.0002130132 0.0002130132    11618    34857    58097
   88   104 0.0002130132 0.0002130132    11618    34857    58097
   88   105 0.0002130132 0.0002130132    11618    34857    58097
   88   106 0.0002130132 0.0002130132    11618    34857    58097
   88   107 0.0002130132 0.0002130132    11618    34857    58097
   89    96 0.0002130132 0.0002130132    11618    34857    58097
   89    97 0.0002130132 0.0002130132    11618    34857    58097
   89    98 0.0002130132 0.0002130132    11618    34857    58097
   89    99 0.0002130132 0.0002130132    11618    34857    58097
   89   100 0.0002130132 0.0002130132    11618    34857    58097
   89   101 0.0002130132 0.0002130132    11618    34857    58097
   89   102 0.0002130132 0.0002130132    11618    34857    58097
   89   103 0.0002130132 0.0002130132    11618    34857    58097
   89   104 0.0002130132 0.0002130132    11618    34857    58097
   89   105 0.0002130132 0.0002130132    11618    34857    58097
   89   106 0.0002130132 0.0002130132    11618    34857    58097
   89   107 0.0002130132 0.0002130132    11618    34857    58097
   90    96 0.0002130132 0.0002130132    11618    34857    58097
   90    97 0.0002130132 0.0002130132    11618    34857    58097
   90    98 0.0002130132 0.0002130132    11618    34857    58097
   90    99 0.0002130132 0.0002130132    11618    34857    58097
   90   100 0.0002130132 0.0002130132    11618    34857    58097
   90   101 0.0002130132 0.0002130132    11618    34857    58097
   90   102 0.0002130132 0.0002130132    11618    34857    58097
   90   103 0.0002130132 0.0002130132    11618    34857    58097
   90   104 0.0002130132 0.0002130132    11618    34857    58097
   90   105 0.0002130132 0.0002130132    11618    34857    58097
   90   106 0.0002130132 0.0002130132    11618    34857    58097
   90   107 0.0002130132 0.0002130132    11618    34857    58097
   91    96 0.0002130132 0.0002130132    11618    34857    58097
   91    97 0.0002130132 0.0002130132    11618    34857    58097
   91    98 0.0002130132 0.0002130132    11618    34857    58097
   91    99 0.0002130132 0.0002130132    11618    34857    58097
   91   100 0.0002130132 0.0002130132    11618    34857    58097
   91   101 0.0002130132 0.0002130132    11618    34857    58097
   91   102 0.0002130132 0.0002130132    11618    34857    58097
   91   103 0.0002130132 0.0002130132    11618    34857    58097
   91   104 0.0002130132 0.0002130132    11618    34857    58097
   91   105 0.0002130132 0.0002130132    11618    34857    58097
   91   106 0.0002130132 0.0002130132    11618    34857    58097
   91   107 0.0002130132 0.0002130132    11618    34857    58097
   92    96 0.0002130132 0.0002130132    11618    34857    58097
   92    97 0.0002130132 0.0002130132    11618    34857    58097
   92    98 0.0002130132 0.0002130132    11618    34857    58097
   92    99 0.0002130132 0.0002130132    11618    34857    58097
   92   100 0.0002130132 0.0002130132    11618    34857    58097
   92   101 0.0002130132 0.0002130132    11618    34857    58097
   92   102 0.0002130132 0.0002130132    11618    34857    58097
   92   103 0.0002130132 0.0002130132    11618    34857    58097
   92   104 0.0002130132 0.0002130132    11618    34857    58097
   92   105 0.0002130132 0.0002130132    11618    34857    58097
   92   106 0.0002130132 0.0002130132    11618    34857    58097
   92   107 0.0002130132 0.0002130132    11618    34857    58097
   93    96 0.0002130132 0.0002130132    11618    34857    58097
   93    97 0.0002130132 0.0002130132    11618    34857    58097
   93    98 0.0002130132 0.0002130132    11618    34857    58097
   93    99 0.0002130132 0.0002130132    11618    34857    58097
   93   100 0.0002130132 0.0002130132    11618    34857    58097
   93   101 0.0002130132 0.0002130132    11618    34857    58097
   93   102 0.0002130132 0.0002130132    11618    34857    58097
   93   103 0.0002130132 0.0002130132    11618    34857    58097
   93   104 0.0002130132 0.0002130132    11618    34857    58097
   93   105 0.0002130132 0.0002130132    11618    34857    58097
   93   106 0.0002130132 0.0002130132    11618    34857    58097
   93   107 0.0002130132 0.0002130132    11618    34857    58097
   94    96 0.0002130132 0.0002130132    11618    34857    58097
   94    97 0.0002130132 0.0002130132    11618    34857    58097
   94    98 0.0002130132 0.0002130132    11618    34857    58097
   94    99 0.0002130132 0.0002130132    11618    34857    58097
   94   100 0.0002130132 0.0002130132    11618    34857    58097
   94   101 0.0002130132 0.0002130132    11618    34857    58097
   94   102 0.0002130132 0.0002130132    11618    34857    58097
   94   103 0.0002130132 0.0002130132    11618    34857    58097
   94   104 0.0002130132 0.0002130132    11618    34857    58097
   94   105 0.0002130132 0.0002130132    11618    34857    58097
   94   106 0.0002130132 0.0002130132    11618    34857    58097
   94   107 0.0002130132 0.0002130132    11618    34857    58097
   95    96 0.0002130132 0.0002130132    11618    34857    58097
   95    97 0.0002130132 0.0002130132    11618    34857    58097
   95    98 0.0002130132 0.0002130132    11618    34857    58097
   95    99 0.0002130132 0.0002130132    11618    34857    58097
   95   100 0.0002130132 0.0002130132    11618    34857    58097
   95   101 0.0002130132 0.0002130132    11618    34857    58097
   95   102 0.0002130132 0.0002130132    11618    34857    58097
   95   103 0.0002130132 0.0002130132    11618    34857    58097
   95   104 0.0002130132 0.0002130132    11618    34857    58097
   95   105 0.0002130132 0.0002130132    11618    34857    58097
   95   106 0.0002130132 0.0002130132    11618    34857    58097
   95   107 0.0002130132 0.0002130132    11618    34857    58097
