% resnet50_bottleneck3  crossbar 128x128  mesh 7x7x3 (147 nodes)
% generated by stage2_dnn_traffic.py -- see STAGE2.md
% run with:  -size 16 16 -dimx 7 -dimy 7 -dimz 3 -traffic table traffics_dnn/resnet50_bottleneck3_xb128_7x7x3.txt
% sweep with: WARMUP_DP_CYCLES=3 SIM_DP_CYCLES=80  (DP_CYCLE=4998, SIM=399840, 10.4 block passes measured)
% LOAD_SCALE=0.026  (rescaled x0.5200 from base 0.05)  t_period=38536
% phases:  conv1=[0,5138)  conv2=[5138,28259)  conv3=[28259,38535)  shortcut=[0,38535)
% PLACEMENT: XY-DIAGONAL relabelling of the base table
% ACCUMULATOR RELOCATION: 0<->65, 49<->81 (interior, 6 faces each)
%   generated by make_7x7x3_accint.py -- graph/rates(scaled)/windows preserved
% src dst pir por t_on t_off t_period
    65   101 0.0004408305 0.0004408305 5138 28259 38536
    65   102 0.0004408305 0.0004408305 5138 28259 38536
    65   103 0.0004408305 0.0004408305 5138 28259 38536
    65   104 0.0004408305 0.0004408305 5138 28259 38536
    65   109 0.0004408305 0.0004408305 5138 28259 38536
    65   110 0.0004408305 0.0004408305 5138 28259 38536
    65   111 0.0004408305 0.0004408305 5138 28259 38536
    65   105 0.0004408305 0.0004408305 5138 28259 38536
     1    81 0.0017633218 0.0017633218 5138 28259 38536
     2    65 0.0017633218 0.0017633218 5138 28259 38536
     3   101 0.0002644937 0.0002644937 0 38535 38536
     4   103 0.0002644937 0.0002644937 0 38535 38536
     5   109 0.0002644937 0.0002644937 0 38535 38536
     6   111 0.0002644937 0.0002644937 0 38535 38536
     8    81 0.0017633218 0.0017633218 5138 28259 38536
     9    65 0.0017633218 0.0017633218 5138 28259 38536
    10    81 0.0017633218 0.0017633218 5138 28259 38536
    11     3 0.0010579748 0.0010579748 0 38535 38536
    12     4 0.0010579748 0.0010579748 0 38535 38536
    13     5 0.0010579748 0.0010579748 0 38535 38536
     7     6 0.0010579748 0.0010579748 0 38535 38536
    16    65 0.0017633218 0.0017633218 5138 28259 38536
    17    81 0.0017633218 0.0017633218 5138 28259 38536
    18    65 0.0017633218 0.0017633218 5138 28259 38536
    19     3 0.0010579748 0.0010579748 0 38535 38536
    20     4 0.0010579748 0.0010579748 0 38535 38536
    14     5 0.0010579748 0.0010579748 0 38535 38536
    15     6 0.0010579748 0.0010579748 0 38535 38536
    24    81 0.0017633218 0.0017633218 5138 28259 38536
    25    65 0.0017633218 0.0017633218 5138 28259 38536
    26    81 0.0017633218 0.0017633218 5138 28259 38536
    27     3 0.0010579748 0.0010579748 0 38535 38536
    21     4 0.0010579748 0.0010579748 0 38535 38536
    22     5 0.0010579748 0.0010579748 0 38535 38536
    23     6 0.0010579748 0.0010579748 0 38535 38536
    32    65 0.0002328207 0.0002328207 0 5138 38536
    32     1 0.0002328207 0.0002328207 0 5138 38536
    32     2 0.0002328207 0.0002328207 0 5138 38536
    32     3 0.0002644937 0.0002644937 0 38535 38536
    32     4 0.0002644937 0.0002644937 0 38535 38536
    32     5 0.0002644937 0.0002644937 0 38535 38536
    32     6 0.0002644937 0.0002644937 0 38535 38536
    32     8 0.0002480047 0.0002480047 0 5138 38536
    32     9 0.0002328207 0.0002328207 0 5138 38536
    32    10 0.0002328207 0.0002328207 0 5138 38536
    32    81 0.0002328207 0.0002328207 0 5138 38536
    32    50 0.0002328207 0.0002328207 0 5138 38536
    32    51 0.0002328207 0.0002328207 0 5138 38536
    32    52 0.0002644937 0.0002644937 0 38535 38536
    32    53 0.0002644937 0.0002644937 0 38535 38536
    32    54 0.0002644937 0.0002644937 0 38535 38536
    32    55 0.0002644937 0.0002644937 0 38535 38536
    32    57 0.0002328207 0.0002328207 0 5138 38536
    32    58 0.0002328207 0.0002328207 0 5138 38536
    32    59 0.0002328207 0.0002328207 0 5138 38536
    32    49 0.0019840374 0.0019840374 0 5138 38536
    32    98 0.0002328207 0.0002328207 0 5138 38536
    32    99 0.0002328207 0.0002328207 0 5138 38536
    32   100 0.0002480047 0.0002480047 0 5138 38536
    32   106 0.0002328207 0.0002328207 0 5138 38536
    32   107 0.0002328207 0.0002328207 0 5138 38536
    32   108 0.0002328207 0.0002328207 0 5138 38536
   130    11 0.0002644937 0.0002644937 0 38535 38536
   130    12 0.0002644937 0.0002644937 0 38535 38536
   130    13 0.0002644937 0.0002644937 0 38535 38536
   130     7 0.0002644937 0.0002644937 0 38535 38536
   130    32 0.0079361495 0.0079361495 0 5138 38536
   130    60 0.0002644937 0.0002644937 0 38535 38536
   130    61 0.0002644937 0.0002644937 0 38535 38536
   130    62 0.0002644937 0.0002644937 0 38535 38536
   130    56 0.0002644937 0.0002644937 0 38535 38536
   130    33 0.0019840374 0.0019840374 0 5138 38536
    82    19 0.0002644937 0.0002644937 0 38535 38536
    82    20 0.0002644937 0.0002644937 0 38535 38536
    82    14 0.0002644937 0.0002644937 0 38535 38536
    82    15 0.0002644937 0.0002644937 0 38535 38536
    82    32 0.0079361495 0.0079361495 0 5138 38536
    82    68 0.0002644937 0.0002644937 0 38535 38536
    82    69 0.0002644937 0.0002644937 0 38535 38536
    82    63 0.0002644937 0.0002644937 0 38535 38536
    82    64 0.0002644937 0.0002644937 0 38535 38536
    82   131 0.0019840374 0.0019840374 0 5138 38536
    34    27 0.0002644937 0.0002644937 0 38535 38536
    34    21 0.0002644937 0.0002644937 0 38535 38536
    34    22 0.0002644937 0.0002644937 0 38535 38536
    34    23 0.0002644937 0.0002644937 0 38535 38536
    34    32 0.0079361495 0.0079361495 0 5138 38536
    34    76 0.0002644937 0.0002644937 0 38535 38536
    34    70 0.0002644937 0.0002644937 0 38535 38536
    34    71 0.0002644937 0.0002644937 0 38535 38536
    34    72 0.0002644937 0.0002644937 0 38535 38536
    34    83 0.0019840374 0.0019840374 0 5138 38536
    81   117 0.0004408305 0.0004408305 5138 28259 38536
    81   118 0.0004408305 0.0004408305 5138 28259 38536
    81   112 0.0004408305 0.0004408305 5138 28259 38536
    81   113 0.0004408305 0.0004408305 5138 28259 38536
    81   125 0.0004408305 0.0004408305 5138 28259 38536
    81   119 0.0004408305 0.0004408305 5138 28259 38536
    81   120 0.0004408305 0.0004408305 5138 28259 38536
    81   121 0.0004408305 0.0004408305 5138 28259 38536
    50    65 0.0017633218 0.0017633218 5138 28259 38536
    51    81 0.0017633218 0.0017633218 5138 28259 38536
    52   102 0.0002644937 0.0002644937 0 38535 38536
    53   104 0.0002644937 0.0002644937 0 38535 38536
    54   110 0.0002644937 0.0002644937 0 38535 38536
    55   105 0.0002644937 0.0002644937 0 38535 38536
    57    65 0.0017633218 0.0017633218 5138 28259 38536
    58    81 0.0017633218 0.0017633218 5138 28259 38536
    59    65 0.0017633218 0.0017633218 5138 28259 38536
    60    52 0.0010579748 0.0010579748 0 38535 38536
    61    53 0.0010579748 0.0010579748 0 38535 38536
    62    54 0.0010579748 0.0010579748 0 38535 38536
    56    55 0.0010579748 0.0010579748 0 38535 38536
     0    81 0.0017633218 0.0017633218 5138 28259 38536
    66    65 0.0017633218 0.0017633218 5138 28259 38536
    67    81 0.0017633218 0.0017633218 5138 28259 38536
    68    52 0.0010579748 0.0010579748 0 38535 38536
    69    53 0.0010579748 0.0010579748 0 38535 38536
    63    54 0.0010579748 0.0010579748 0 38535 38536
    64    55 0.0010579748 0.0010579748 0 38535 38536
    73    65 0.0017633218 0.0017633218 5138 28259 38536
    74    81 0.0017633218 0.0017633218 5138 28259 38536
    75    65 0.0017633218 0.0017633218 5138 28259 38536
    76    52 0.0010579748 0.0010579748 0 38535 38536
    70    53 0.0010579748 0.0010579748 0 38535 38536
    71    54 0.0010579748 0.0010579748 0 38535 38536
    72    55 0.0010579748 0.0010579748 0 38535 38536
    49    16 0.0002328207 0.0002328207 0 5138 38536
    49    17 0.0002328207 0.0002328207 0 5138 38536
    49    18 0.0002328207 0.0002328207 0 5138 38536
    49    24 0.0002480047 0.0002480047 0 5138 38536
    49    25 0.0002328207 0.0002328207 0 5138 38536
    49    26 0.0002328207 0.0002328207 0 5138 38536
    49     0 0.0002328207 0.0002328207 0 5138 38536
    49    66 0.0002328207 0.0002328207 0 5138 38536
    49    67 0.0002328207 0.0002328207 0 5138 38536
    49    73 0.0002328207 0.0002328207 0 5138 38536
    49    74 0.0002328207 0.0002328207 0 5138 38536
    49    75 0.0002328207 0.0002328207 0 5138 38536
    49   114 0.0002328207 0.0002328207 0 5138 38536
    49   115 0.0002328207 0.0002328207 0 5138 38536
    49   116 0.0002480047 0.0002480047 0 5138 38536
    49   122 0.0002328207 0.0002328207 0 5138 38536
    49   123 0.0002328207 0.0002328207 0 5138 38536
    49   124 0.0002328207 0.0002328207 0 5138 38536
    33    49 0.0079361495 0.0079361495 0 5138 38536
   131    49 0.0079361495 0.0079361495 0 5138 38536
    83    49 0.0079361495 0.0079361495 0 5138 38536
    98    65 0.0017633218 0.0017633218 5138 28259 38536
    99    81 0.0017633218 0.0017633218 5138 28259 38536
   100    65 0.0017633218 0.0017633218 5138 28259 38536
   106    81 0.0017633218 0.0017633218 5138 28259 38536
   107    65 0.0017633218 0.0017633218 5138 28259 38536
   108    81 0.0017633218 0.0017633218 5138 28259 38536
   114    65 0.0017633218 0.0017633218 5138 28259 38536
   115    81 0.0017633218 0.0017633218 5138 28259 38536
   116    65 0.0017633218 0.0017633218 5138 28259 38536
   117   101 0.0039676886 0.0039676886 28259 38535 38536
   118   102 0.0039676886 0.0039676886 28259 38535 38536
   112   103 0.0039676886 0.0039676886 28259 38535 38536
   113   104 0.0039676886 0.0039676886 28259 38535 38536
   122    81 0.0017633218 0.0017633218 5138 28259 38536
   123    65 0.0017633218 0.0017633218 5138 28259 38536
   124    81 0.0017633218 0.0017633218 5138 28259 38536
   125   109 0.0039676886 0.0039676886 28259 38535 38536
   119   110 0.0039676886 0.0039676886 28259 38535 38536
   120   111 0.0039676886 0.0039676886 28259 38535 38536
   121   105 0.0039676886 0.0039676886 28259 38535 38536
