   57    58 0.0020351240 0.0020351240        0     5809    58097
   57    45 0.0020351240 0.0020351240        0     5809    58097
   57    52 0.0020351240 0.0020351240        0     5809    58097
   57    51 0.0020351240 0.0020351240        0     5809    58097
   57    46 0.0020351240 0.0020351240        0     5809    58097
   57    62 0.0010174744 0.0010174744        0    11618    58097
   21    57 0.0122107438 0.0122107438        0     5809    58097
   21    22 0.0020351240 0.0020351240        0     5809    58097
   21     9 0.0020351240 0.0020351240        0     5809    58097
   21    16 0.0020351240 0.0020351240        0     5809    58097
   21    15 0.0020351240 0.0020351240        0     5809    58097
   21    10 0.0020351240 0.0020351240        0     5809    58097
   21    62 0.0005087372 0.0005087372        0    11618    58097
   21    54 0.0005087372 0.0005087372        0    11618    58097
   22    58 0.0122107438 0.0122107438        0     5809    58097
   93    57 0.0122107438 0.0122107438        0     5809    58097
   93    94 0.0020351240 0.0020351240        0     5809    58097
   93    81 0.0020351240 0.0020351240        0     5809    58097
   93    88 0.0020351240 0.0020351240        0     5809    58097
   93    87 0.0020351240 0.0020351240        0     5809    58097
   93    82 0.0020351240 0.0020351240        0     5809    58097
   93    54 0.0010174744 0.0010174744        0    11618    58097
   94    58 0.0122107438 0.0122107438        0     5809    58097
    9    45 0.0122107438 0.0122107438        0     5809    58097
   16    52 0.0122107438 0.0122107438        0     5809    58097
   81    45 0.0122107438 0.0122107438        0     5809    58097
   88    52 0.0122107438 0.0122107438        0     5809    58097
   51    62 0.0020351240 0.0020351240        0     5809    58097
   51    54 0.0020351240 0.0020351240        0     5809    58097
   51    68 0.0010175620 0.0010175620        0     5809    58097
   51    14 0.0010175620 0.0010175620        0     5809    58097
   46    68 0.0010175620 0.0010175620        0     5809    58097
   46    14 0.0010175620 0.0010175620        0     5809    58097
   46    98 0.0020351240 0.0020351240        0     5809    58097
   46    86 0.0020351240 0.0020351240        0     5809    58097
   15    51 0.0122107438 0.0122107438        0     5809    58097
   10    46 0.0122107438 0.0122107438        0     5809    58097
   87    51 0.0122107438 0.0122107438        0     5809    58097
   82    46 0.0122107438 0.0122107438        0     5809    58097
   62    63 0.0020351240 0.0020351240     5809    11618    58097
   62    55 0.0020351240 0.0020351240     5809    11618    58097
   62    44 0.0020351240 0.0020351240     5809    11618    58097
   62    43 0.0020351240 0.0020351240     5809    11618    58097
   62    49 0.0020351240 0.0020351240     5809    11618    58097
   62    56 0.0020351240 0.0020351240     5809    11618    58097
   62    99 0.0010175620 0.0010175620     5809    11618    58097
   62    50 0.0010175620 0.0010175620     5809    11618    58097
   62    38 0.0010175620 0.0010175620     5809    11618    58097
   62    37 0.0010175620 0.0010175620     5809    11618    58097
   62    85 0.0010175620 0.0010175620     5809    11618    58097
   62    20 0.0010175620 0.0010175620     5809    11618    58097
   62    61 0.0003814790 0.0003814790    11618    58096    58097
   54    99 0.0010175620 0.0010175620     5809    11618    58097
   54    50 0.0010175620 0.0010175620     5809    11618    58097
   54    38 0.0010175620 0.0010175620     5809    11618    58097
   54    37 0.0010175620 0.0010175620     5809    11618    58097
   54    85 0.0010175620 0.0010175620     5809    11618    58097
   54    20 0.0010175620 0.0010175620     5809    11618    58097
   54    27 0.0020351240 0.0020351240     5809    11618    58097
   54    19 0.0020351240 0.0020351240     5809    11618    58097
   54     8 0.0020351240 0.0020351240     5809    11618    58097
   54    42 0.0020351240 0.0020351240     5809    11618    58097
   54    48 0.0020351240 0.0020351240     5809    11618    58097
   54    92 0.0020351240 0.0020351240     5809    11618    58097
   54    64 0.0003814790 0.0003814790    11618    58096    58097
   68    62 0.0122107438 0.0122107438     5809    11618    58097
   14    54 0.0122107438 0.0122107438     5809    11618    58097
   98    62 0.0122107438 0.0122107438     5809    11618    58097
   86    54 0.0122107438 0.0122107438     5809    11618    58097
   63    61 0.0005086496 0.0005086496    11618    34857    58097
   63    64 0.0005086496 0.0005086496    11618    34857    58097
   63    24 0.0005086496 0.0005086496    11618    34857    58097
   63    71 0.0005086496 0.0005086496    11618    34857    58097
   55    25 0.0005086496 0.0005086496    11618    34857    58097
   55    34 0.0005086496 0.0005086496    11618    34857    58097
   55    97 0.0005086496 0.0005086496    11618    34857    58097
   55    70 0.0005086496 0.0005086496    11618    34857    58097
   44    66 0.0005086496 0.0005086496    11618    34857    58097
   44    69 0.0005086496 0.0005086496    11618    34857    58097
   44    96 0.0005086496 0.0005086496    11618    34857    58097
   44    29 0.0005086496 0.0005086496    11618    34857    58097
   43   103 0.0005086496 0.0005086496    11618    34857    58097
   43   106 0.0005086496 0.0005086496    11618    34857    58097
   43    67 0.0005086496 0.0005086496    11618    34857    58097
   43   100 0.0005086496 0.0005086496    11618    34857    58097
   49    91 0.0005086496 0.0005086496    11618    34857    58097
   49    59 0.0005086496 0.0005086496    11618    34857    58097
   49    31 0.0005086496 0.0005086496    11618    34857    58097
   49    65 0.0005086496 0.0005086496    11618    34857    58097
   56    60 0.0005086496 0.0005086496    11618    34857    58097
   56    28 0.0005086496 0.0005086496    11618    34857    58097
   56    26 0.0005086496 0.0005086496    11618    34857    58097
   56   101 0.0005086496 0.0005086496    11618    34857    58097
   99    63 0.0040691970 0.0040691970    11618    34857    58097
   50    55 0.0040691970 0.0040691970    11618    34857    58097
   38    44 0.0040691970 0.0040691970    11618    34857    58097
   37    43 0.0040691970 0.0040691970    11618    34857    58097
   85    49 0.0040691970 0.0040691970    11618    34857    58097
   20    56 0.0040691970 0.0040691970    11618    34857    58097
   27    63 0.0040691970 0.0040691970    11618    34857    58097
   19    55 0.0040691970 0.0040691970    11618    34857    58097
    8    44 0.0040691970 0.0040691970    11618    34857    58097
   42    43 0.0040691970 0.0040691970    11618    34857    58097
   48    49 0.0040691970 0.0040691970    11618    34857    58097
   92    56 0.0040691970 0.0040691970    11618    34857    58097
   24    61 0.0030518978 0.0030518978    34857    58096    58097
   71    64 0.0030518978 0.0030518978    34857    58096    58097
   25    61 0.0030518978 0.0030518978    34857    58096    58097
   34    64 0.0030518978 0.0030518978    34857    58096    58097
   97    61 0.0030518978 0.0030518978    34857    58096    58097
   70    64 0.0030518978 0.0030518978    34857    58096    58097
   66    61 0.0030518978 0.0030518978    34857    58096    58097
   69    64 0.0030518978 0.0030518978    34857    58096    58097
   96    61 0.0030518978 0.0030518978    34857    58096    58097
   29    64 0.0030518978 0.0030518978    34857    58096    58097
  103    61 0.0030518978 0.0030518978    34857    58096    58097
  106    64 0.0030518978 0.0030518978    34857    58096    58097
   67    61 0.0030518978 0.0030518978    34857    58096    58097
  100    64 0.0030518978 0.0030518978    34857    58096    58097
   91    61 0.0030518978 0.0030518978    34857    58096    58097
   59    64 0.0030518978 0.0030518978    34857    58096    58097
   31    61 0.0030518978 0.0030518978    34857    58096    58097
   65    64 0.0030518978 0.0030518978    34857    58096    58097
   60    61 0.0030518978 0.0030518978    34857    58096    58097
   28    64 0.0030518978 0.0030518978    34857    58096    58097
   26    61 0.0030518978 0.0030518978    34857    58096    58097
  101    64 0.0030518978 0.0030518978    34857    58096    58097
