   56    61 0.0018655303 0.0018655303        0     5809    58097
   56    15 0.0018655303 0.0018655303        0     5809    58097
   56    50 0.0018655303 0.0018655303        0     5809    58097
   56    63 0.0018655303 0.0018655303        0     5809    58097
   56     4 0.0018655303 0.0018655303        0     5809    58097
   56    49 0.0009326849 0.0009326849        0    11618    58097
   92    56 0.0111931818 0.0111931818        0     5809    58097
   92    97 0.0018655303 0.0018655303        0     5809    58097
   92   104 0.0018655303 0.0018655303        0     5809    58097
   92    86 0.0018655303 0.0018655303        0     5809    58097
   92    99 0.0018655303 0.0018655303        0     5809    58097
   92    10 0.0018655303 0.0018655303        0     5809    58097
   92    49 0.0004663424 0.0004663424        0    11618    58097
   92    58 0.0004663424 0.0004663424        0    11618    58097
   97    61 0.0111931818 0.0111931818        0     5809    58097
   20    56 0.0111931818 0.0111931818        0     5809    58097
   20    16 0.0018655303 0.0018655303        0     5809    58097
   20    35 0.0018655303 0.0018655303        0     5809    58097
   20    26 0.0018655303 0.0018655303        0     5809    58097
   20    44 0.0018655303 0.0018655303        0     5809    58097
   20    74 0.0018655303 0.0018655303        0     5809    58097
   20    58 0.0009326849 0.0009326849        0    11618    58097
   16    61 0.0111931818 0.0111931818        0     5809    58097
  104    15 0.0111931818 0.0111931818        0     5809    58097
   86    50 0.0111931818 0.0111931818        0     5809    58097
   35    15 0.0111931818 0.0111931818        0     5809    58097
   26    50 0.0111931818 0.0111931818        0     5809    58097
   63    49 0.0018655303 0.0018655303        0     5809    58097
   63    58 0.0018655303 0.0018655303        0     5809    58097
   63    13 0.0009327651 0.0009327651        0     5809    58097
   63    65 0.0009327651 0.0009327651        0     5809    58097
    4    13 0.0009327651 0.0009327651        0     5809    58097
    4    65 0.0009327651 0.0009327651        0     5809    58097
    4    48 0.0018655303 0.0018655303        0     5809    58097
    4    59 0.0018655303 0.0018655303        0     5809    58097
   99    63 0.0111931818 0.0111931818        0     5809    58097
   10     4 0.0111931818 0.0111931818        0     5809    58097
   44    63 0.0111931818 0.0111931818        0     5809    58097
   74     4 0.0111931818 0.0111931818        0     5809    58097
   49    62 0.0018655303 0.0018655303     5809    11618    58097
   49    57 0.0018655303 0.0018655303     5809    11618    58097
   49    55 0.0018655303 0.0018655303     5809    11618    58097
   49    51 0.0018655303 0.0018655303     5809    11618    58097
   49    75 0.0018655303 0.0018655303     5809    11618    58097
   49    43 0.0018655303 0.0018655303     5809    11618    58097
   49    68 0.0009327651 0.0009327651     5809    11618    58097
   49    21 0.0009327651 0.0009327651     5809    11618    58097
   49    54 0.0009327651 0.0009327651     5809    11618    58097
   49    87 0.0009327651 0.0009327651     5809    11618    58097
   49    47 0.0009327651 0.0009327651     5809    11618    58097
   49    79 0.0009327651 0.0009327651     5809    11618    58097
   49    46 0.0003496891 0.0003496891    11618    58096    58097
   58    68 0.0009327651 0.0009327651     5809    11618    58097
   58    21 0.0009327651 0.0009327651     5809    11618    58097
   58    54 0.0009327651 0.0009327651     5809    11618    58097
   58    87 0.0009327651 0.0009327651     5809    11618    58097
   58    47 0.0009327651 0.0009327651     5809    11618    58097
   58    79 0.0009327651 0.0009327651     5809    11618    58097
   58    98 0.0018655303 0.0018655303     5809    11618    58097
   58   100 0.0018655303 0.0018655303     5809    11618    58097
   58    19 0.0018655303 0.0018655303     5809    11618    58097
   58    14 0.0018655303 0.0018655303     5809    11618    58097
   58    73 0.0018655303 0.0018655303     5809    11618    58097
   58     7 0.0018655303 0.0018655303     5809    11618    58097
   58    52 0.0003496891 0.0003496891    11618    58096    58097
   13    49 0.0111931818 0.0111931818     5809    11618    58097
   65    58 0.0111931818 0.0111931818     5809    11618    58097
   48    49 0.0111931818 0.0111931818     5809    11618    58097
   59    58 0.0111931818 0.0111931818     5809    11618    58097
   62    46 0.0004662622 0.0004662622    11618    34857    58097
   62    52 0.0004662622 0.0004662622    11618    34857    58097
   62    82 0.0004662622 0.0004662622    11618    34857    58097
   62    70 0.0004662622 0.0004662622    11618    34857    58097
   57    11 0.0004662622 0.0004662622    11618    34857    58097
   57     8 0.0004662622 0.0004662622    11618    34857    58097
   57    80 0.0004662622 0.0004662622    11618    34857    58097
   57    17 0.0004662622 0.0004662622    11618    34857    58097
   55    42 0.0004662622 0.0004662622    11618    34857    58097
   55    22 0.0004662622 0.0004662622    11618    34857    58097
   55    39 0.0004662622 0.0004662622    11618    34857    58097
   55    25 0.0004662622 0.0004662622    11618    34857    58097
   51    81 0.0004662622 0.0004662622    11618    34857    58097
   51    88 0.0004662622 0.0004662622    11618    34857    58097
   51    27 0.0004662622 0.0004662622    11618    34857    58097
   51    53 0.0004662622 0.0004662622    11618    34857    58097
   75     2 0.0004662622 0.0004662622    11618    34857    58097
   75    83 0.0004662622 0.0004662622    11618    34857    58097
   75    64 0.0004662622 0.0004662622    11618    34857    58097
   75    76 0.0004662622 0.0004662622    11618    34857    58097
   43     3 0.0004662622 0.0004662622    11618    34857    58097
   43    45 0.0004662622 0.0004662622    11618    34857    58097
   43     9 0.0004662622 0.0004662622    11618    34857    58097
   43    40 0.0004662622 0.0004662622    11618    34857    58097
   68    62 0.0037300973 0.0037300973    11618    34857    58097
   21    57 0.0037300973 0.0037300973    11618    34857    58097
   54    55 0.0037300973 0.0037300973    11618    34857    58097
   87    51 0.0037300973 0.0037300973    11618    34857    58097
   47    75 0.0037300973 0.0037300973    11618    34857    58097
   79    43 0.0037300973 0.0037300973    11618    34857    58097
   98    62 0.0037300973 0.0037300973    11618    34857    58097
  100    57 0.0037300973 0.0037300973    11618    34857    58097
   19    55 0.0037300973 0.0037300973    11618    34857    58097
   14    51 0.0037300973 0.0037300973    11618    34857    58097
   73    75 0.0037300973 0.0037300973    11618    34857    58097
    7    43 0.0037300973 0.0037300973    11618    34857    58097
   82    46 0.0027975730 0.0027975730    34857    58096    58097
   70    52 0.0027975730 0.0027975730    34857    58096    58097
   11    46 0.0027975730 0.0027975730    34857    58096    58097
    8    52 0.0027975730 0.0027975730    34857    58096    58097
   80    46 0.0027975730 0.0027975730    34857    58096    58097
   17    52 0.0027975730 0.0027975730    34857    58096    58097
   42    46 0.0027975730 0.0027975730    34857    58096    58097
   22    52 0.0027975730 0.0027975730    34857    58096    58097
   39    46 0.0027975730 0.0027975730    34857    58096    58097
   25    52 0.0027975730 0.0027975730    34857    58096    58097
   81    46 0.0027975730 0.0027975730    34857    58096    58097
   88    52 0.0027975730 0.0027975730    34857    58096    58097
   27    46 0.0027975730 0.0027975730    34857    58096    58097
   53    52 0.0027975730 0.0027975730    34857    58096    58097
    2    46 0.0027975730 0.0027975730    34857    58096    58097
   83    52 0.0027975730 0.0027975730    34857    58096    58097
   64    46 0.0027975730 0.0027975730    34857    58096    58097
   76    52 0.0027975730 0.0027975730    34857    58096    58097
    3    46 0.0027975730 0.0027975730    34857    58096    58097
   45    52 0.0027975730 0.0027975730    34857    58096    58097
    9    46 0.0027975730 0.0027975730    34857    58096    58097
   40    52 0.0027975730 0.0027975730    34857    58096    58097
