    5    55 0.0020351240 0.0020351240        0     5809    58097
    5    44 0.0020351240 0.0020351240        0     5809    58097
    5    62 0.0020351240 0.0020351240        0     5809    58097
    5    43 0.0020351240 0.0020351240        0     5809    58097
    5    49 0.0020351240 0.0020351240        0     5809    58097
    5    46 0.0010174744 0.0010174744        0    11618    58097
   87     5 0.0122107438 0.0122107438        0     5809    58097
   87    91 0.0020351240 0.0020351240        0     5809    58097
   87    80 0.0020351240 0.0020351240        0     5809    58097
   87    98 0.0020351240 0.0020351240        0     5809    58097
   87    79 0.0020351240 0.0020351240        0     5809    58097
   87    85 0.0020351240 0.0020351240        0     5809    58097
   87    46 0.0005087372 0.0005087372        0    11618    58097
   87    56 0.0005087372 0.0005087372        0    11618    58097
   91    55 0.0122107438 0.0122107438        0     5809    58097
   15     5 0.0122107438 0.0122107438        0     5809    58097
   15    19 0.0020351240 0.0020351240        0     5809    58097
   15     8 0.0020351240 0.0020351240        0     5809    58097
   15    26 0.0020351240 0.0020351240        0     5809    58097
   15     7 0.0020351240 0.0020351240        0     5809    58097
   15    13 0.0020351240 0.0020351240        0     5809    58097
   15    56 0.0010174744 0.0010174744        0    11618    58097
   19    55 0.0122107438 0.0122107438        0     5809    58097
   80    44 0.0122107438 0.0122107438        0     5809    58097
   98    62 0.0122107438 0.0122107438        0     5809    58097
    8    44 0.0122107438 0.0122107438        0     5809    58097
   26    62 0.0122107438 0.0122107438        0     5809    58097
   43    46 0.0020351240 0.0020351240        0     5809    58097
   43    56 0.0020351240 0.0020351240        0     5809    58097
   43    82 0.0010175620 0.0010175620        0     5809    58097
   43    20 0.0010175620 0.0010175620        0     5809    58097
   49    82 0.0010175620 0.0010175620        0     5809    58097
   49    20 0.0010175620 0.0010175620        0     5809    58097
   49    40 0.0020351240 0.0020351240        0     5809    58097
   49    48 0.0020351240 0.0020351240        0     5809    58097
   79    43 0.0122107438 0.0122107438        0     5809    58097
   85    49 0.0122107438 0.0122107438        0     5809    58097
    7    43 0.0122107438 0.0122107438        0     5809    58097
   13    49 0.0122107438 0.0122107438        0     5809    58097
   46    64 0.0020351240 0.0020351240     5809    11618    58097
   46    61 0.0020351240 0.0020351240     5809    11618    58097
   46    58 0.0020351240 0.0020351240     5809    11618    58097
   46    50 0.0020351240 0.0020351240     5809    11618    58097
   46    45 0.0020351240 0.0020351240     5809    11618    58097
   46    52 0.0020351240 0.0020351240     5809    11618    58097
   46    70 0.0010175620 0.0010175620     5809    11618    58097
   46    97 0.0010175620 0.0010175620     5809    11618    58097
   46    94 0.0010175620 0.0010175620     5809    11618    58097
   46    86 0.0010175620 0.0010175620     5809    11618    58097
   46    39 0.0010175620 0.0010175620     5809    11618    58097
   46    53 0.0010175620 0.0010175620     5809    11618    58097
   46    57 0.0003814790 0.0003814790    11618    58096    58097
   56    70 0.0010175620 0.0010175620     5809    11618    58097
   56    97 0.0010175620 0.0010175620     5809    11618    58097
   56    94 0.0010175620 0.0010175620     5809    11618    58097
   56    86 0.0010175620 0.0010175620     5809    11618    58097
   56    39 0.0010175620 0.0010175620     5809    11618    58097
   56    53 0.0010175620 0.0010175620     5809    11618    58097
   56   100 0.0020351240 0.0020351240     5809    11618    58097
   56    60 0.0020351240 0.0020351240     5809    11618    58097
   56    59 0.0020351240 0.0020351240     5809    11618    58097
   56    14 0.0020351240 0.0020351240     5809    11618    58097
   56     9 0.0020351240 0.0020351240     5809    11618    58097
   56    88 0.0020351240 0.0020351240     5809    11618    58097
   56    63 0.0003814790 0.0003814790    11618    58096    58097
   82    46 0.0122107438 0.0122107438     5809    11618    58097
   20    56 0.0122107438 0.0122107438     5809    11618    58097
   40    46 0.0122107438 0.0122107438     5809    11618    58097
   48    56 0.0122107438 0.0122107438     5809    11618    58097
   64    57 0.0005086496 0.0005086496    11618    34857    58097
   64    63 0.0005086496 0.0005086496    11618    34857    58097
   64    28 0.0005086496 0.0005086496    11618    34857    58097
   64   101 0.0005086496 0.0005086496    11618    34857    58097
   61    68 0.0005086496 0.0005086496    11618    34857    58097
   61    67 0.0005086496 0.0005086496    11618    34857    58097
   61    54 0.0005086496 0.0005086496    11618    34857    58097
   61    25 0.0005086496 0.0005086496    11618    34857    58097
   58    95 0.0005086496 0.0005086496    11618    34857    58097
   58   105 0.0005086496 0.0005086496    11618    34857    58097
   58    23 0.0005086496 0.0005086496    11618    34857    58097
   58    65 0.0005086496 0.0005086496    11618    34857    58097
   50    93 0.0005086496 0.0005086496    11618    34857    58097
   50    27 0.0005086496 0.0005086496    11618    34857    58097
   50    92 0.0005086496 0.0005086496    11618    34857    58097
   50    32 0.0005086496 0.0005086496    11618    34857    58097
   45    21 0.0005086496 0.0005086496    11618    34857    58097
   45    69 0.0005086496 0.0005086496    11618    34857    58097
   45    81 0.0005086496 0.0005086496    11618    34857    58097
   45    99 0.0005086496 0.0005086496    11618    34857    58097
   52    16 0.0005086496 0.0005086496    11618    34857    58097
   52   106 0.0005086496 0.0005086496    11618    34857    58097
   52    22 0.0005086496 0.0005086496    11618    34857    58097
   52    33 0.0005086496 0.0005086496    11618    34857    58097
   70    64 0.0040691970 0.0040691970    11618    34857    58097
   97    61 0.0040691970 0.0040691970    11618    34857    58097
   94    58 0.0040691970 0.0040691970    11618    34857    58097
   86    50 0.0040691970 0.0040691970    11618    34857    58097
   39    45 0.0040691970 0.0040691970    11618    34857    58097
   53    52 0.0040691970 0.0040691970    11618    34857    58097
  100    64 0.0040691970 0.0040691970    11618    34857    58097
   60    61 0.0040691970 0.0040691970    11618    34857    58097
   59    58 0.0040691970 0.0040691970    11618    34857    58097
   14    50 0.0040691970 0.0040691970    11618    34857    58097
    9    45 0.0040691970 0.0040691970    11618    34857    58097
   88    52 0.0040691970 0.0040691970    11618    34857    58097
   28    57 0.0030518978 0.0030518978    34857    58096    58097
  101    63 0.0030518978 0.0030518978    34857    58096    58097
   68    57 0.0030518978 0.0030518978    34857    58096    58097
   67    63 0.0030518978 0.0030518978    34857    58096    58097
   54    57 0.0030518978 0.0030518978    34857    58096    58097
   25    63 0.0030518978 0.0030518978    34857    58096    58097
   95    57 0.0030518978 0.0030518978    34857    58096    58097
  105    63 0.0030518978 0.0030518978    34857    58096    58097
   23    57 0.0030518978 0.0030518978    34857    58096    58097
   65    63 0.0030518978 0.0030518978    34857    58096    58097
   93    57 0.0030518978 0.0030518978    34857    58096    58097
   27    63 0.0030518978 0.0030518978    34857    58096    58097
   92    57 0.0030518978 0.0030518978    34857    58096    58097
   32    63 0.0030518978 0.0030518978    34857    58096    58097
   21    57 0.0030518978 0.0030518978    34857    58096    58097
   69    63 0.0030518978 0.0030518978    34857    58096    58097
   81    57 0.0030518978 0.0030518978    34857    58096    58097
   99    63 0.0030518978 0.0030518978    34857    58096    58097
   16    57 0.0030518978 0.0030518978    34857    58096    58097
  106    63 0.0030518978 0.0030518978    34857    58096    58097
   22    57 0.0030518978 0.0030518978    34857    58096    58097
   33    63 0.0030518978 0.0030518978    34857    58096    58097
