  107    55 0.0023743113 0.0023743113        0     5809    58097
  107    64 0.0023743113 0.0023743113        0     5809    58097
  107    43 0.0023743113 0.0023743113        0     5809    58097
  107    10 0.0023743113 0.0023743113        0     5809    58097
  107    58 0.0023743113 0.0023743113        0     5809    58097
  107    51 0.0011870535 0.0011870535        0    11618    58097
   21   107 0.0142458678 0.0142458678        0     5809    58097
   21    19 0.0023743113 0.0023743113        0     5809    58097
   21    28 0.0023743113 0.0023743113        0     5809    58097
   21     7 0.0023743113 0.0023743113        0     5809    58097
   21    86 0.0023743113 0.0023743113        0     5809    58097
   21    22 0.0023743113 0.0023743113        0     5809    58097
   21    51 0.0005935267 0.0005935267        0    11618    58097
   21    63 0.0005935267 0.0005935267        0    11618    58097
   19    55 0.0142458678 0.0142458678        0     5809    58097
   93   107 0.0142458678 0.0142458678        0     5809    58097
   93    91 0.0023743113 0.0023743113        0     5809    58097
   93   100 0.0023743113 0.0023743113        0     5809    58097
   93    79 0.0023743113 0.0023743113        0     5809    58097
   93    97 0.0023743113 0.0023743113        0     5809    58097
   93    94 0.0023743113 0.0023743113        0     5809    58097
   93    63 0.0011870535 0.0011870535        0    11618    58097
   91    55 0.0142458678 0.0142458678        0     5809    58097
   28    64 0.0142458678 0.0142458678        0     5809    58097
    7    43 0.0142458678 0.0142458678        0     5809    58097
  100    64 0.0142458678 0.0142458678        0     5809    58097
   79    43 0.0142458678 0.0142458678        0     5809    58097
   10    51 0.0023743113 0.0023743113        0     5809    58097
   10    63 0.0023743113 0.0023743113        0     5809    58097
   10    69 0.0011871556 0.0011871556        0     5809    58097
   10    99 0.0011871556 0.0011871556        0     5809    58097
   58    69 0.0011871556 0.0011871556        0     5809    58097
   58    99 0.0011871556 0.0011871556        0     5809    58097
   58    15 0.0023743113 0.0023743113        0     5809    58097
   58    27 0.0023743113 0.0023743113        0     5809    58097
   86    10 0.0142458678 0.0142458678        0     5809    58097
   22    58 0.0142458678 0.0142458678        0     5809    58097
   97    10 0.0142458678 0.0142458678        0     5809    58097
   94    58 0.0142458678 0.0142458678        0     5809    58097
   51    49 0.0023743113 0.0023743113     5809    11618    58097
   51    46 0.0023743113 0.0023743113     5809    11618    58097
   51    62 0.0023743113 0.0023743113     5809    11618    58097
   51    56 0.0023743113 0.0023743113     5809    11618    58097
   51    45 0.0023743113 0.0023743113     5809    11618    58097
   51    52 0.0023743113 0.0023743113     5809    11618    58097
   51    13 0.0011871556 0.0011871556     5809    11618    58097
   51    82 0.0011871556 0.0011871556     5809    11618    58097
   51    26 0.0011871556 0.0011871556     5809    11618    58097
   51    20 0.0011871556 0.0011871556     5809    11618    58097
   51    39 0.0011871556 0.0011871556     5809    11618    58097
   51    53 0.0011871556 0.0011871556     5809    11618    58097
   51    44 0.0004450589 0.0004450589    11618    58096    58097
   63    13 0.0011871556 0.0011871556     5809    11618    58097
   63    82 0.0011871556 0.0011871556     5809    11618    58097
   63    26 0.0011871556 0.0011871556     5809    11618    58097
   63    20 0.0011871556 0.0011871556     5809    11618    58097
   63    39 0.0011871556 0.0011871556     5809    11618    58097
   63    53 0.0011871556 0.0011871556     5809    11618    58097
   63    85 0.0023743113 0.0023743113     5809    11618    58097
   63    61 0.0023743113 0.0023743113     5809    11618    58097
   63    98 0.0023743113 0.0023743113     5809    11618    58097
   63    92 0.0023743113 0.0023743113     5809    11618    58097
   63    81 0.0023743113 0.0023743113     5809    11618    58097
   63    59 0.0023743113 0.0023743113     5809    11618    58097
   63    50 0.0004450589 0.0004450589    11618    58096    58097
   69    51 0.0142458678 0.0142458678     5809    11618    58097
   99    63 0.0142458678 0.0142458678     5809    11618    58097
   15    51 0.0142458678 0.0142458678     5809    11618    58097
   27    63 0.0142458678 0.0142458678     5809    11618    58097
   49    44 0.0005934246 0.0005934246    11618    34857    58097
   49    50 0.0005934246 0.0005934246    11618    34857    58097
   49     6 0.0005934246 0.0005934246    11618    34857    58097
   49    42 0.0005934246 0.0005934246    11618    34857    58097
   46    40 0.0005934246 0.0005934246    11618    34857    58097
   46     2 0.0005934246 0.0005934246    11618    34857    58097
   46    38 0.0005934246 0.0005934246    11618    34857    58097
   46    25 0.0005934246 0.0005934246    11618    34857    58097
   62    37 0.0005934246 0.0005934246    11618    34857    58097
   62    68 0.0005934246 0.0005934246    11618    34857    58097
   62    80 0.0005934246 0.0005934246    11618    34857    58097
   62    14 0.0005934246 0.0005934246    11618    34857    58097
   56    36 0.0005934246 0.0005934246    11618    34857    58097
   56    54 0.0005934246 0.0005934246    11618    34857    58097
   56    74 0.0005934246 0.0005934246    11618    34857    58097
   56    48 0.0005934246 0.0005934246    11618    34857    58097
   45    75 0.0005934246 0.0005934246    11618    34857    58097
   45    87 0.0005934246 0.0005934246    11618    34857    58097
   45     3 0.0005934246 0.0005934246    11618    34857    58097
   45     8 0.0005934246 0.0005934246    11618    34857    58097
   52     9 0.0005934246 0.0005934246    11618    34857    58097
   52    16 0.0005934246 0.0005934246    11618    34857    58097
   52    47 0.0005934246 0.0005934246    11618    34857    58097
   52    88 0.0005934246 0.0005934246    11618    34857    58097
   13    49 0.0047473965 0.0047473965    11618    34857    58097
   82    46 0.0047473965 0.0047473965    11618    34857    58097
   26    62 0.0047473965 0.0047473965    11618    34857    58097
   20    56 0.0047473965 0.0047473965    11618    34857    58097
   39    45 0.0047473965 0.0047473965    11618    34857    58097
   53    52 0.0047473965 0.0047473965    11618    34857    58097
   85    49 0.0047473965 0.0047473965    11618    34857    58097
   61    46 0.0047473965 0.0047473965    11618    34857    58097
   98    62 0.0047473965 0.0047473965    11618    34857    58097
   92    56 0.0047473965 0.0047473965    11618    34857    58097
   81    45 0.0047473965 0.0047473965    11618    34857    58097
   59    52 0.0047473965 0.0047473965    11618    34857    58097
    6    44 0.0035605474 0.0035605474    34857    58096    58097
   42    50 0.0035605474 0.0035605474    34857    58096    58097
   40    44 0.0035605474 0.0035605474    34857    58096    58097
    2    50 0.0035605474 0.0035605474    34857    58096    58097
   38    44 0.0035605474 0.0035605474    34857    58096    58097
   25    50 0.0035605474 0.0035605474    34857    58096    58097
   37    44 0.0035605474 0.0035605474    34857    58096    58097
   68    50 0.0035605474 0.0035605474    34857    58096    58097
   80    44 0.0035605474 0.0035605474    34857    58096    58097
   14    50 0.0035605474 0.0035605474    34857    58096    58097
   36    44 0.0035605474 0.0035605474    34857    58096    58097
   54    50 0.0035605474 0.0035605474    34857    58096    58097
   74    44 0.0035605474 0.0035605474    34857    58096    58097
   48    50 0.0035605474 0.0035605474    34857    58096    58097
   75    44 0.0035605474 0.0035605474    34857    58096    58097
   87    50 0.0035605474 0.0035605474    34857    58096    58097
    3    44 0.0035605474 0.0035605474    34857    58096    58097
    8    50 0.0035605474 0.0035605474    34857    58096    58097
    9    44 0.0035605474 0.0035605474    34857    58096    58097
   16    50 0.0035605474 0.0035605474    34857    58096    58097
   47    44 0.0035605474 0.0035605474    34857    58096    58097
   88    50 0.0035605474 0.0035605474    34857    58096    58097
