   63    51 0.0018655303 0.0018655303        0     5809    58097
   63    49 0.0018655303 0.0018655303        0     5809    58097
   63    58 0.0018655303 0.0018655303        0     5809    58097
   63    61 0.0018655303 0.0018655303        0     5809    58097
   63    45 0.0018655303 0.0018655303        0     5809    58097
   63    56 0.0009326849 0.0009326849        0    11618    58097
   60    63 0.0111931818 0.0111931818        0     5809    58097
   60    85 0.0018655303 0.0018655303        0     5809    58097
   60    48 0.0018655303 0.0018655303        0     5809    58097
   60    42 0.0018655303 0.0018655303        0     5809    58097
   60    67 0.0018655303 0.0018655303        0     5809    58097
   60    81 0.0018655303 0.0018655303        0     5809    58097
   60    56 0.0004663424 0.0004663424        0    11618    58097
   60    43 0.0004663424 0.0004663424        0    11618    58097
   85    51 0.0111931818 0.0111931818        0     5809    58097
   27    63 0.0111931818 0.0111931818        0     5809    58097
   27    15 0.0018655303 0.0018655303        0     5809    58097
   27    13 0.0018655303 0.0018655303        0     5809    58097
   27     7 0.0018655303 0.0018655303        0     5809    58097
   27    25 0.0018655303 0.0018655303        0     5809    58097
   27     9 0.0018655303 0.0018655303        0     5809    58097
   27    43 0.0009326849 0.0009326849        0    11618    58097
   15    51 0.0111931818 0.0111931818        0     5809    58097
   48    49 0.0111931818 0.0111931818        0     5809    58097
   42    58 0.0111931818 0.0111931818        0     5809    58097
   13    49 0.0111931818 0.0111931818        0     5809    58097
    7    58 0.0111931818 0.0111931818        0     5809    58097
   61    56 0.0018655303 0.0018655303        0     5809    58097
   61    43 0.0018655303 0.0018655303        0     5809    58097
   61    68 0.0009327651 0.0009327651        0     5809    58097
   61    59 0.0009327651 0.0009327651        0     5809    58097
   45    68 0.0009327651 0.0009327651        0     5809    58097
   45    59 0.0009327651 0.0009327651        0     5809    58097
   45    92 0.0018655303 0.0018655303        0     5809    58097
   45    22 0.0018655303 0.0018655303        0     5809    58097
   67    61 0.0111931818 0.0111931818        0     5809    58097
   81    45 0.0111931818 0.0111931818        0     5809    58097
   25    61 0.0111931818 0.0111931818        0     5809    58097
    9    45 0.0111931818 0.0111931818        0     5809    58097
   56    46 0.0018655303 0.0018655303     5809    11618    58097
   56    55 0.0018655303 0.0018655303     5809    11618    58097
   56    44 0.0018655303 0.0018655303     5809    11618    58097
   56    62 0.0018655303 0.0018655303     5809    11618    58097
   56    52 0.0018655303 0.0018655303     5809    11618    58097
   56    50 0.0018655303 0.0018655303     5809    11618    58097
   56    40 0.0009327651 0.0009327651     5809    11618    58097
   56    54 0.0009327651 0.0009327651     5809    11618    58097
   56    80 0.0009327651 0.0009327651     5809    11618    58097
   56    98 0.0009327651 0.0009327651     5809    11618    58097
   56    16 0.0009327651 0.0009327651     5809    11618    58097
   56    86 0.0009327651 0.0009327651     5809    11618    58097
   56    57 0.0003496891 0.0003496891    11618    58096    58097
   43    40 0.0009327651 0.0009327651     5809    11618    58097
   43    54 0.0009327651 0.0009327651     5809    11618    58097
   43    80 0.0009327651 0.0009327651     5809    11618    58097
   43    98 0.0009327651 0.0009327651     5809    11618    58097
   43    16 0.0009327651 0.0009327651     5809    11618    58097
   43    86 0.0009327651 0.0009327651     5809    11618    58097
   43    10 0.0018655303 0.0018655303     5809    11618    58097
   43    19 0.0018655303 0.0018655303     5809    11618    58097
   43     8 0.0018655303 0.0018655303     5809    11618    58097
   43    26 0.0018655303 0.0018655303     5809    11618    58097
   43    88 0.0018655303 0.0018655303     5809    11618    58097
   43    14 0.0018655303 0.0018655303     5809    11618    58097
   43    64 0.0003496891 0.0003496891    11618    58096    58097
   68    56 0.0111931818 0.0111931818     5809    11618    58097
   59    43 0.0111931818 0.0111931818     5809    11618    58097
   92    56 0.0111931818 0.0111931818     5809    11618    58097
   22    43 0.0111931818 0.0111931818     5809    11618    58097
   46    57 0.0004662622 0.0004662622    11618    34857    58097
   46    64 0.0004662622 0.0004662622    11618    34857    58097
   46    95 0.0004662622 0.0004662622    11618    34857    58097
   46   106 0.0004662622 0.0004662622    11618    34857    58097
   55    91 0.0004662622 0.0004662622    11618    34857    58097
   55    34 0.0004662622 0.0004662622    11618    34857    58097
   55    93 0.0004662622 0.0004662622    11618    34857    58097
   55    94 0.0004662622 0.0004662622    11618    34857    58097
   44    39 0.0004662622 0.0004662622    11618    34857    58097
   44   101 0.0004662622 0.0004662622    11618    34857    58097
   44    87 0.0004662622 0.0004662622    11618    34857    58097
   44    65 0.0004662622 0.0004662622    11618    34857    58097
   62    99 0.0004662622 0.0004662622    11618    34857    58097
   62    70 0.0004662622 0.0004662622    11618    34857    58097
   62   105 0.0004662622 0.0004662622    11618    34857    58097
   62    29 0.0004662622 0.0004662622    11618    34857    58097
   52    21 0.0004662622 0.0004662622    11618    34857    58097
   52    28 0.0004662622 0.0004662622    11618    34857    58097
   52    53 0.0004662622 0.0004662622    11618    34857    58097
   52    71 0.0004662622 0.0004662622    11618    34857    58097
   50    33 0.0004662622 0.0004662622    11618    34857    58097
   50    69 0.0004662622 0.0004662622    11618    34857    58097
   50    20 0.0004662622 0.0004662622    11618    34857    58097
   50   100 0.0004662622 0.0004662622    11618    34857    58097
   40    46 0.0037300973 0.0037300973    11618    34857    58097
   54    55 0.0037300973 0.0037300973    11618    34857    58097
   80    44 0.0037300973 0.0037300973    11618    34857    58097
   98    62 0.0037300973 0.0037300973    11618    34857    58097
   16    52 0.0037300973 0.0037300973    11618    34857    58097
   86    50 0.0037300973 0.0037300973    11618    34857    58097
   10    46 0.0037300973 0.0037300973    11618    34857    58097
   19    55 0.0037300973 0.0037300973    11618    34857    58097
    8    44 0.0037300973 0.0037300973    11618    34857    58097
   26    62 0.0037300973 0.0037300973    11618    34857    58097
   88    52 0.0037300973 0.0037300973    11618    34857    58097
   14    50 0.0037300973 0.0037300973    11618    34857    58097
   95    57 0.0027975730 0.0027975730    34857    58096    58097
  106    64 0.0027975730 0.0027975730    34857    58096    58097
   91    57 0.0027975730 0.0027975730    34857    58096    58097
   34    64 0.0027975730 0.0027975730    34857    58096    58097
   93    57 0.0027975730 0.0027975730    34857    58096    58097
   94    64 0.0027975730 0.0027975730    34857    58096    58097
   39    57 0.0027975730 0.0027975730    34857    58096    58097
  101    64 0.0027975730 0.0027975730    34857    58096    58097
   87    57 0.0027975730 0.0027975730    34857    58096    58097
   65    64 0.0027975730 0.0027975730    34857    58096    58097
   99    57 0.0027975730 0.0027975730    34857    58096    58097
   70    64 0.0027975730 0.0027975730    34857    58096    58097
  105    57 0.0027975730 0.0027975730    34857    58096    58097
   29    64 0.0027975730 0.0027975730    34857    58096    58097
   21    57 0.0027975730 0.0027975730    34857    58096    58097
   28    64 0.0027975730 0.0027975730    34857    58096    58097
   53    57 0.0027975730 0.0027975730    34857    58096    58097
   71    64 0.0027975730 0.0027975730    34857    58096    58097
   33    57 0.0027975730 0.0027975730    34857    58096    58097
   69    64 0.0027975730 0.0027975730    34857    58096    58097
   20    57 0.0027975730 0.0027975730    34857    58096    58097
  100    64 0.0027975730 0.0027975730    34857    58096    58097
