   50    62 0.0019672865 0.0019672865        0     5809    58097
   50    45 0.0019672865 0.0019672865        0     5809    58097
   50    46 0.0019672865 0.0019672865        0     5809    58097
   50    23 0.0019672865 0.0019672865        0     5809    58097
   50    52 0.0019672865 0.0019672865        0     5809    58097
   50    51 0.0009835586 0.0009835586        0    11618    58097
   14    50 0.0118037190 0.0118037190        0     5809    58097
   14    26 0.0019672865 0.0019672865        0     5809    58097
   14     9 0.0019672865 0.0019672865        0     5809    58097
   14    10 0.0019672865 0.0019672865        0     5809    58097
   14     7 0.0019672865 0.0019672865        0     5809    58097
   14    16 0.0019672865 0.0019672865        0     5809    58097
   14    51 0.0004917793 0.0004917793        0    11618    58097
   14    44 0.0004917793 0.0004917793        0    11618    58097
   26    62 0.0118037190 0.0118037190        0     5809    58097
   80    50 0.0118037190 0.0118037190        0     5809    58097
   80    98 0.0019672865 0.0019672865        0     5809    58097
   80    81 0.0019672865 0.0019672865        0     5809    58097
   80    82 0.0019672865 0.0019672865        0     5809    58097
   80    79 0.0019672865 0.0019672865        0     5809    58097
   80    88 0.0019672865 0.0019672865        0     5809    58097
   80    44 0.0009835586 0.0009835586        0    11618    58097
   98    62 0.0118037190 0.0118037190        0     5809    58097
    9    45 0.0118037190 0.0118037190        0     5809    58097
   10    46 0.0118037190 0.0118037190        0     5809    58097
   81    45 0.0118037190 0.0118037190        0     5809    58097
   82    46 0.0118037190 0.0118037190        0     5809    58097
   23    51 0.0019672865 0.0019672865        0     5809    58097
   23    44 0.0019672865 0.0019672865        0     5809    58097
   23    15 0.0009836432 0.0009836432        0     5809    58097
   23    38 0.0009836432 0.0009836432        0     5809    58097
   52    15 0.0009836432 0.0009836432        0     5809    58097
   52    38 0.0009836432 0.0009836432        0     5809    58097
   52    87 0.0019672865 0.0019672865        0     5809    58097
   52     8 0.0019672865 0.0019672865        0     5809    58097
    7    23 0.0118037190 0.0118037190        0     5809    58097
   16    52 0.0118037190 0.0118037190        0     5809    58097
   79    23 0.0118037190 0.0118037190        0     5809    58097
   88    52 0.0118037190 0.0118037190        0     5809    58097
   51    58 0.0019672865 0.0019672865     5809    11618    58097
   51    49 0.0019672865 0.0019672865     5809    11618    58097
   51    56 0.0019672865 0.0019672865     5809    11618    58097
   51    57 0.0019672865 0.0019672865     5809    11618    58097
   51    64 0.0019672865 0.0019672865     5809    11618    58097
   51    63 0.0019672865 0.0019672865     5809    11618    58097
   51    22 0.0009836432 0.0009836432     5809    11618    58097
   51    13 0.0009836432 0.0009836432     5809    11618    58097
   51    92 0.0009836432 0.0009836432     5809    11618    58097
   51    93 0.0009836432 0.0009836432     5809    11618    58097
   51    65 0.0009836432 0.0009836432     5809    11618    58097
   51    99 0.0009836432 0.0009836432     5809    11618    58097
   51    61 0.0003687631 0.0003687631    11618    58096    58097
   44    22 0.0009836432 0.0009836432     5809    11618    58097
   44    13 0.0009836432 0.0009836432     5809    11618    58097
   44    92 0.0009836432 0.0009836432     5809    11618    58097
   44    93 0.0009836432 0.0009836432     5809    11618    58097
   44    65 0.0009836432 0.0009836432     5809    11618    58097
   44    99 0.0009836432 0.0009836432     5809    11618    58097
   44    94 0.0019672865 0.0019672865     5809    11618    58097
   44    37 0.0019672865 0.0019672865     5809    11618    58097
   44    86 0.0019672865 0.0019672865     5809    11618    58097
   44    21 0.0019672865 0.0019672865     5809    11618    58097
   44    70 0.0019672865 0.0019672865     5809    11618    58097
   44    27 0.0019672865 0.0019672865     5809    11618    58097
   44    55 0.0003687631 0.0003687631    11618    58096    58097
   15    51 0.0118037190 0.0118037190     5809    11618    58097
   38    44 0.0118037190 0.0118037190     5809    11618    58097
   87    51 0.0118037190 0.0118037190     5809    11618    58097
    8    44 0.0118037190 0.0118037190     5809    11618    58097
   58    61 0.0004916947 0.0004916947    11618    34857    58097
   58    55 0.0004916947 0.0004916947    11618    34857    58097
   58    25 0.0004916947 0.0004916947    11618    34857    58097
   58    54 0.0004916947 0.0004916947    11618    34857    58097
   49    67 0.0004916947 0.0004916947    11618    34857    58097
   49    84 0.0004916947 0.0004916947    11618    34857    58097
   49    96 0.0004916947 0.0004916947    11618    34857    58097
   49    85 0.0004916947 0.0004916947    11618    34857    58097
   56    31 0.0004916947 0.0004916947    11618    34857    58097
   56    12 0.0004916947 0.0004916947    11618    34857    58097
   56    24 0.0004916947 0.0004916947    11618    34857    58097
   56    18 0.0004916947 0.0004916947    11618    34857    58097
   57    69 0.0004916947 0.0004916947    11618    34857    58097
   57    90 0.0004916947 0.0004916947    11618    34857    58097
   57    32 0.0004916947 0.0004916947    11618    34857    58097
   57    19 0.0004916947 0.0004916947    11618    34857    58097
   64    66 0.0004916947 0.0004916947    11618    34857    58097
   64    48 0.0004916947 0.0004916947    11618    34857    58097
   64   103 0.0004916947 0.0004916947    11618    34857    58097
   64    68 0.0004916947 0.0004916947    11618    34857    58097
   63    97 0.0004916947 0.0004916947    11618    34857    58097
   63    20 0.0004916947 0.0004916947    11618    34857    58097
   63    60 0.0004916947 0.0004916947    11618    34857    58097
   63    91 0.0004916947 0.0004916947    11618    34857    58097
   22    58 0.0039335571 0.0039335571    11618    34857    58097
   13    49 0.0039335571 0.0039335571    11618    34857    58097
   92    56 0.0039335571 0.0039335571    11618    34857    58097
   93    57 0.0039335571 0.0039335571    11618    34857    58097
   65    64 0.0039335571 0.0039335571    11618    34857    58097
   99    63 0.0039335571 0.0039335571    11618    34857    58097
   94    58 0.0039335571 0.0039335571    11618    34857    58097
   37    49 0.0039335571 0.0039335571    11618    34857    58097
   86    56 0.0039335571 0.0039335571    11618    34857    58097
   21    57 0.0039335571 0.0039335571    11618    34857    58097
   70    64 0.0039335571 0.0039335571    11618    34857    58097
   27    63 0.0039335571 0.0039335571    11618    34857    58097
   25    61 0.0029501679 0.0029501679    34857    58096    58097
   54    55 0.0029501679 0.0029501679    34857    58096    58097
   67    61 0.0029501679 0.0029501679    34857    58096    58097
   84    55 0.0029501679 0.0029501679    34857    58096    58097
   96    61 0.0029501679 0.0029501679    34857    58096    58097
   85    55 0.0029501679 0.0029501679    34857    58096    58097
   31    61 0.0029501679 0.0029501679    34857    58096    58097
   12    55 0.0029501679 0.0029501679    34857    58096    58097
   24    61 0.0029501679 0.0029501679    34857    58096    58097
   18    55 0.0029501679 0.0029501679    34857    58096    58097
   69    61 0.0029501679 0.0029501679    34857    58096    58097
   90    55 0.0029501679 0.0029501679    34857    58096    58097
   32    61 0.0029501679 0.0029501679    34857    58096    58097
   19    55 0.0029501679 0.0029501679    34857    58096    58097
   66    61 0.0029501679 0.0029501679    34857    58096    58097
   48    55 0.0029501679 0.0029501679    34857    58096    58097
  103    61 0.0029501679 0.0029501679    34857    58096    58097
   68    55 0.0029501679 0.0029501679    34857    58096    58097
   97    61 0.0029501679 0.0029501679    34857    58096    58097
   20    55 0.0029501679 0.0029501679    34857    58096    58097
   60    61 0.0029501679 0.0029501679    34857    58096    58097
   91    55 0.0029501679 0.0029501679    34857    58096    58097
