   44    57 0.0018655303 0.0018655303        0     5809    58097
   44    56 0.0018655303 0.0018655303        0     5809    58097
   44    43 0.0018655303 0.0018655303        0     5809    58097
   44    55 0.0018655303 0.0018655303        0     5809    58097
   44    64 0.0018655303 0.0018655303        0     5809    58097
   44    49 0.0009326849 0.0009326849        0    11618    58097
   65    44 0.0111931818 0.0111931818        0     5809    58097
   65    81 0.0018655303 0.0018655303        0     5809    58097
   65    92 0.0018655303 0.0018655303        0     5809    58097
   65    79 0.0018655303 0.0018655303        0     5809    58097
   65    91 0.0018655303 0.0018655303        0     5809    58097
   65   100 0.0018655303 0.0018655303        0     5809    58097
   65    49 0.0004663424 0.0004663424        0    11618    58097
   65    62 0.0004663424 0.0004663424        0    11618    58097
   81    57 0.0111931818 0.0111931818        0     5809    58097
    8    44 0.0111931818 0.0111931818        0     5809    58097
    8     9 0.0018655303 0.0018655303        0     5809    58097
    8    20 0.0018655303 0.0018655303        0     5809    58097
    8     7 0.0018655303 0.0018655303        0     5809    58097
    8    19 0.0018655303 0.0018655303        0     5809    58097
    8    28 0.0018655303 0.0018655303        0     5809    58097
    8    62 0.0009326849 0.0009326849        0    11618    58097
    9    57 0.0111931818 0.0111931818        0     5809    58097
   92    56 0.0111931818 0.0111931818        0     5809    58097
   79    43 0.0111931818 0.0111931818        0     5809    58097
   20    56 0.0111931818 0.0111931818        0     5809    58097
    7    43 0.0111931818 0.0111931818        0     5809    58097
   55    49 0.0018655303 0.0018655303        0     5809    58097
   55    62 0.0018655303 0.0018655303        0     5809    58097
   55    48 0.0009327651 0.0009327651        0     5809    58097
   55    98 0.0009327651 0.0009327651        0     5809    58097
   64    48 0.0009327651 0.0009327651        0     5809    58097
   64    98 0.0009327651 0.0009327651        0     5809    58097
   64    85 0.0018655303 0.0018655303        0     5809    58097
   64    68 0.0018655303 0.0018655303        0     5809    58097
   91    55 0.0111931818 0.0111931818        0     5809    58097
  100    64 0.0111931818 0.0111931818        0     5809    58097
   19    55 0.0111931818 0.0111931818        0     5809    58097
   28    64 0.0111931818 0.0111931818        0     5809    58097
   49    52 0.0018655303 0.0018655303     5809    11618    58097
   49    51 0.0018655303 0.0018655303     5809    11618    58097
   49    58 0.0018655303 0.0018655303     5809    11618    58097
   49    61 0.0018655303 0.0018655303     5809    11618    58097
   49    50 0.0018655303 0.0018655303     5809    11618    58097
   49    45 0.0018655303 0.0018655303     5809    11618    58097
   49    53 0.0009327651 0.0009327651     5809    11618    58097
   49    87 0.0009327651 0.0009327651     5809    11618    58097
   49    22 0.0009327651 0.0009327651     5809    11618    58097
   49    60 0.0009327651 0.0009327651     5809    11618    58097
   49    86 0.0009327651 0.0009327651     5809    11618    58097
   49    21 0.0009327651 0.0009327651     5809    11618    58097
   49    63 0.0003496891 0.0003496891    11618    58096    58097
   62    53 0.0009327651 0.0009327651     5809    11618    58097
   62    87 0.0009327651 0.0009327651     5809    11618    58097
   62    22 0.0009327651 0.0009327651     5809    11618    58097
   62    60 0.0009327651 0.0009327651     5809    11618    58097
   62    86 0.0009327651 0.0009327651     5809    11618    58097
   62    21 0.0009327651 0.0009327651     5809    11618    58097
   62    88 0.0018655303 0.0018655303     5809    11618    58097
   62    15 0.0018655303 0.0018655303     5809    11618    58097
   62    94 0.0018655303 0.0018655303     5809    11618    58097
   62    25 0.0018655303 0.0018655303     5809    11618    58097
   62    14 0.0018655303 0.0018655303     5809    11618    58097
   62    93 0.0018655303 0.0018655303     5809    11618    58097
   62    46 0.0003496891 0.0003496891    11618    58096    58097
   48    49 0.0111931818 0.0111931818     5809    11618    58097
   98    62 0.0111931818 0.0111931818     5809    11618    58097
   85    49 0.0111931818 0.0111931818     5809    11618    58097
   68    62 0.0111931818 0.0111931818     5809    11618    58097
   52    63 0.0004662622 0.0004662622    11618    34857    58097
   52    46 0.0004662622 0.0004662622    11618    34857    58097
   52    70 0.0004662622 0.0004662622    11618    34857    58097
   52    76 0.0004662622 0.0004662622    11618    34857    58097
   51    33 0.0004662622 0.0004662622    11618    34857    58097
   51    82 0.0004662622 0.0004662622    11618    34857    58097
   51    59 0.0004662622 0.0004662622    11618    34857    58097
   51     4 0.0004662622 0.0004662622    11618    34857    58097
   58   101 0.0004662622 0.0004662622    11618    34857    58097
   58    11 0.0004662622 0.0004662622    11618    34857    58097
   58    80 0.0004662622 0.0004662622    11618    34857    58097
   58    83 0.0004662622 0.0004662622    11618    34857    58097
   61   105 0.0004662622 0.0004662622    11618    34857    58097
   61    40 0.0004662622 0.0004662622    11618    34857    58097
   61    97 0.0004662622 0.0004662622    11618    34857    58097
   61    41 0.0004662622 0.0004662622    11618    34857    58097
   50    27 0.0004662622 0.0004662622    11618    34857    58097
   50    39 0.0004662622 0.0004662622    11618    34857    58097
   50    26 0.0004662622 0.0004662622    11618    34857    58097
   50    47 0.0004662622 0.0004662622    11618    34857    58097
   45    69 0.0004662622 0.0004662622    11618    34857    58097
   45    10 0.0004662622 0.0004662622    11618    34857    58097
   45    99 0.0004662622 0.0004662622    11618    34857    58097
   45    16 0.0004662622 0.0004662622    11618    34857    58097
   53    52 0.0037300973 0.0037300973    11618    34857    58097
   87    51 0.0037300973 0.0037300973    11618    34857    58097
   22    58 0.0037300973 0.0037300973    11618    34857    58097
   60    61 0.0037300973 0.0037300973    11618    34857    58097
   86    50 0.0037300973 0.0037300973    11618    34857    58097
   21    45 0.0037300973 0.0037300973    11618    34857    58097
   88    52 0.0037300973 0.0037300973    11618    34857    58097
   15    51 0.0037300973 0.0037300973    11618    34857    58097
   94    58 0.0037300973 0.0037300973    11618    34857    58097
   25    61 0.0037300973 0.0037300973    11618    34857    58097
   14    50 0.0037300973 0.0037300973    11618    34857    58097
   93    45 0.0037300973 0.0037300973    11618    34857    58097
   70    63 0.0027975730 0.0027975730    34857    58096    58097
   76    46 0.0027975730 0.0027975730    34857    58096    58097
   33    63 0.0027975730 0.0027975730    34857    58096    58097
   82    46 0.0027975730 0.0027975730    34857    58096    58097
   59    63 0.0027975730 0.0027975730    34857    58096    58097
    4    46 0.0027975730 0.0027975730    34857    58096    58097
  101    63 0.0027975730 0.0027975730    34857    58096    58097
   11    46 0.0027975730 0.0027975730    34857    58096    58097
   80    63 0.0027975730 0.0027975730    34857    58096    58097
   83    46 0.0027975730 0.0027975730    34857    58096    58097
  105    63 0.0027975730 0.0027975730    34857    58096    58097
   40    46 0.0027975730 0.0027975730    34857    58096    58097
   97    63 0.0027975730 0.0027975730    34857    58096    58097
   41    46 0.0027975730 0.0027975730    34857    58096    58097
   27    63 0.0027975730 0.0027975730    34857    58096    58097
   39    46 0.0027975730 0.0027975730    34857    58096    58097
   26    63 0.0027975730 0.0027975730    34857    58096    58097
   47    46 0.0027975730 0.0027975730    34857    58096    58097
   69    63 0.0027975730 0.0027975730    34857    58096    58097
   10    46 0.0027975730 0.0027975730    34857    58096    58097
   99    63 0.0027975730 0.0027975730    34857    58096    58097
   16    46 0.0027975730 0.0027975730    34857    58096    58097
