   45    52 0.0022047176 0.0022047176        0     5809    58097
   45    61 0.0022047176 0.0022047176        0     5809    58097
   45    43 0.0022047176 0.0022047176        0     5809    58097
   45    62 0.0022047176 0.0022047176        0     5809    58097
   45    51 0.0022047176 0.0022047176        0     5809    58097
   45    63 0.0011022640 0.0011022640        0    11618    58097
   81    45 0.0132283058 0.0132283058        0     5809    58097
   81    88 0.0022047176 0.0022047176        0     5809    58097
   81    97 0.0022047176 0.0022047176        0     5809    58097
   81    79 0.0022047176 0.0022047176        0     5809    58097
   81    98 0.0022047176 0.0022047176        0     5809    58097
   81    87 0.0022047176 0.0022047176        0     5809    58097
   81    63 0.0005511319 0.0005511319        0    11618    58097
   81    50 0.0005511319 0.0005511319        0    11618    58097
   88    52 0.0132283058 0.0132283058        0     5809    58097
   39    45 0.0132283058 0.0132283058        0     5809    58097
   39    53 0.0022047176 0.0022047176        0     5809    58097
   39    60 0.0022047176 0.0022047176        0     5809    58097
   39    37 0.0022047176 0.0022047176        0     5809    58097
   39    68 0.0022047176 0.0022047176        0     5809    58097
   39     9 0.0022047176 0.0022047176        0     5809    58097
   39    50 0.0011022640 0.0011022640        0    11618    58097
   53    52 0.0132283058 0.0132283058        0     5809    58097
   97    61 0.0132283058 0.0132283058        0     5809    58097
   79    43 0.0132283058 0.0132283058        0     5809    58097
   60    61 0.0132283058 0.0132283058        0     5809    58097
   37    43 0.0132283058 0.0132283058        0     5809    58097
   62    63 0.0022047176 0.0022047176        0     5809    58097
   62    50 0.0022047176 0.0022047176        0     5809    58097
   62    99 0.0011023588 0.0011023588        0     5809    58097
   62    41 0.0011023588 0.0011023588        0     5809    58097
   51    99 0.0011023588 0.0011023588        0     5809    58097
   51    41 0.0011023588 0.0011023588        0     5809    58097
   51    27 0.0022047176 0.0022047176        0     5809    58097
   51    14 0.0022047176 0.0022047176        0     5809    58097
   98    62 0.0132283058 0.0132283058        0     5809    58097
   87    51 0.0132283058 0.0132283058        0     5809    58097
   68    62 0.0132283058 0.0132283058        0     5809    58097
    9    51 0.0132283058 0.0132283058        0     5809    58097
   63    58 0.0022047176 0.0022047176     5809    11618    58097
   63    57 0.0022047176 0.0022047176     5809    11618    58097
   63    56 0.0022047176 0.0022047176     5809    11618    58097
   63    64 0.0022047176 0.0022047176     5809    11618    58097
   63    49 0.0022047176 0.0022047176     5809    11618    58097
   63    44 0.0022047176 0.0022047176     5809    11618    58097
   63    22 0.0011023588 0.0011023588     5809    11618    58097
   63    21 0.0011023588 0.0011023588     5809    11618    58097
   63    20 0.0011023588 0.0011023588     5809    11618    58097
   63    28 0.0011023588 0.0011023588     5809    11618    58097
   63    13 0.0011023588 0.0011023588     5809    11618    58097
   63    38 0.0011023588 0.0011023588     5809    11618    58097
   63     1 0.0004132690 0.0004132690    11618    58096    58097
   50    22 0.0011023588 0.0011023588     5809    11618    58097
   50    21 0.0011023588 0.0011023588     5809    11618    58097
   50    20 0.0011023588 0.0011023588     5809    11618    58097
   50    28 0.0011023588 0.0011023588     5809    11618    58097
   50    13 0.0011023588 0.0011023588     5809    11618    58097
   50    38 0.0011023588 0.0011023588     5809    11618    58097
   50    59 0.0022047176 0.0022047176     5809    11618    58097
   50    90 0.0022047176 0.0022047176     5809    11618    58097
   50    92 0.0022047176 0.0022047176     5809    11618    58097
   50   100 0.0022047176 0.0022047176     5809    11618    58097
   50    85 0.0022047176 0.0022047176     5809    11618    58097
   50    40 0.0022047176 0.0022047176     5809    11618    58097
   50    55 0.0004132690 0.0004132690    11618    58096    58097
   99    63 0.0132283058 0.0132283058     5809    11618    58097
   41    50 0.0132283058 0.0132283058     5809    11618    58097
   27    63 0.0132283058 0.0132283058     5809    11618    58097
   14    50 0.0132283058 0.0132283058     5809    11618    58097
   58     1 0.0005510371 0.0005510371    11618    34857    58097
   58    55 0.0005510371 0.0005510371    11618    34857    58097
   58    77 0.0005510371 0.0005510371    11618    34857    58097
   58     4 0.0005510371 0.0005510371    11618    34857    58097
   57    86 0.0005510371 0.0005510371    11618    34857    58097
   57    93 0.0005510371 0.0005510371    11618    34857    58097
   57    11 0.0005510371 0.0005510371    11618    34857    58097
   57    67 0.0005510371 0.0005510371    11618    34857    58097
   56    10 0.0005510371 0.0005510371    11618    34857    58097
   56    18 0.0005510371 0.0005510371    11618    34857    58097
   56    46 0.0005510371 0.0005510371    11618    34857    58097
   56    19 0.0005510371 0.0005510371    11618    34857    58097
   64     8 0.0005510371 0.0005510371    11618    34857    58097
   64    26 0.0005510371 0.0005510371    11618    34857    58097
   64    16 0.0005510371 0.0005510371    11618    34857    58097
   64    25 0.0005510371 0.0005510371    11618    34857    58097
   49    47 0.0005510371 0.0005510371    11618    34857    58097
   49    54 0.0005510371 0.0005510371    11618    34857    58097
   49    15 0.0005510371 0.0005510371    11618    34857    58097
   49    48 0.0005510371 0.0005510371    11618    34857    58097
   44    75 0.0005510371 0.0005510371    11618    34857    58097
   44    91 0.0005510371 0.0005510371    11618    34857    58097
   44    76 0.0005510371 0.0005510371    11618    34857    58097
   44    42 0.0005510371 0.0005510371    11618    34857    58097
   22    58 0.0044082967 0.0044082967    11618    34857    58097
   21    57 0.0044082967 0.0044082967    11618    34857    58097
   20    56 0.0044082967 0.0044082967    11618    34857    58097
   28    64 0.0044082967 0.0044082967    11618    34857    58097
   13    49 0.0044082967 0.0044082967    11618    34857    58097
   38    44 0.0044082967 0.0044082967    11618    34857    58097
   59    58 0.0044082967 0.0044082967    11618    34857    58097
   90    57 0.0044082967 0.0044082967    11618    34857    58097
   92    56 0.0044082967 0.0044082967    11618    34857    58097
  100    64 0.0044082967 0.0044082967    11618    34857    58097
   85    49 0.0044082967 0.0044082967    11618    34857    58097
   40    44 0.0044082967 0.0044082967    11618    34857    58097
   77     1 0.0033062226 0.0033062226    34857    58096    58097
    4    55 0.0033062226 0.0033062226    34857    58096    58097
   86     1 0.0033062226 0.0033062226    34857    58096    58097
   93    55 0.0033062226 0.0033062226    34857    58096    58097
   11     1 0.0033062226 0.0033062226    34857    58096    58097
   67    55 0.0033062226 0.0033062226    34857    58096    58097
   10     1 0.0033062226 0.0033062226    34857    58096    58097
   18    55 0.0033062226 0.0033062226    34857    58096    58097
   46     1 0.0033062226 0.0033062226    34857    58096    58097
   19    55 0.0033062226 0.0033062226    34857    58096    58097
    8     1 0.0033062226 0.0033062226    34857    58096    58097
   26    55 0.0033062226 0.0033062226    34857    58096    58097
   16     1 0.0033062226 0.0033062226    34857    58096    58097
   25    55 0.0033062226 0.0033062226    34857    58096    58097
   47     1 0.0033062226 0.0033062226    34857    58096    58097
   54    55 0.0033062226 0.0033062226    34857    58096    58097
   15     1 0.0033062226 0.0033062226    34857    58096    58097
   48    55 0.0033062226 0.0033062226    34857    58096    58097
   75     1 0.0033062226 0.0033062226    34857    58096    58097
   91    55 0.0033062226 0.0033062226    34857    58096    58097
   76     1 0.0033062226 0.0033062226    34857    58096    58097
   42    55 0.0033062226 0.0033062226    34857    58096    58097
