   57    61 0.0015872299 0.0015872299        0     5138    38536
   57    49 0.0001801830 0.0001801830        0     5138    38536
   57    52 0.0001801830 0.0001801830        0     5138    38536
   57    37 0.0001801830 0.0001801830        0     5138    38536
   57    92 0.0001801830 0.0001801830        0     5138    38536
   57    86 0.0001862566 0.0001862566        0     5138    38536
   57    93 0.0001862566 0.0001862566        0     5138    38536
   57    48 0.0001801830 0.0001801830        0     5138    38536
   57    14 0.0001801830 0.0001801830        0     5138    38536
   57    13 0.0000931283 0.0000931283        0     5138    38536
   57    20 0.0000931283 0.0000931283        0     5138    38536
   57    62 0.0002115950 0.0002115950        0    38535    38536
   57    51 0.0002115950 0.0002115950        0    38535    38536
   57    64 0.0002115950 0.0002115950        0    38535    38536
   57    56 0.0002115950 0.0002115950        0    38535    38536
   57    63 0.0002115950 0.0002115950        0    38535    38536
   57    58 0.0002115950 0.0002115950        0    38535    38536
   57    46 0.0002115950 0.0002115950        0    38535    38536
   57    45 0.0002115950 0.0002115950        0    38535    38536
   61    13 0.0000931283 0.0000931283        0     5138    38536
   61    20 0.0000931283 0.0000931283        0     5138    38536
   61    42 0.0001801830 0.0001801830        0     5138    38536
   61    68 0.0001801830 0.0001801830        0     5138    38536
   61    85 0.0001862566 0.0001862566        0     5138    38536
   61    26 0.0001862566 0.0001862566        0     5138    38536
   61    12 0.0001801830 0.0001801830        0     5138    38536
   61    98 0.0001801830 0.0001801830        0     5138    38536
   61    79 0.0001801830 0.0001801830        0     5138    38536
   61    19 0.0001801830 0.0001801830        0     5138    38536
   21    57 0.0031744598 0.0031744598        0     5138    38536
   21    25 0.0015872299 0.0015872299        0     5138    38536
   21    27 0.0002115950 0.0002115950        0    38535    38536
   21    15 0.0002115950 0.0002115950        0    38535    38536
   21    28 0.0002115950 0.0002115950        0    38535    38536
   21    16 0.0002115950 0.0002115950        0    38535    38536
   21    99 0.0002115950 0.0002115950        0    38535    38536
   21    22 0.0002115950 0.0002115950        0    38535    38536
   21    10 0.0002115950 0.0002115950        0    38535    38536
   21     9 0.0002115950 0.0002115950        0    38535    38536
   25    61 0.0031744598 0.0031744598        0     5138    38536
   49    43 0.0001763322 0.0001763322     5138    28259    38536
   49    44 0.0001763322 0.0001763322     5138    28259    38536
   49    55 0.0001763322 0.0001763322     5138    28259    38536
   49    50 0.0001763322 0.0001763322     5138    28259    38536
   49    91 0.0001763322 0.0001763322     5138    28259    38536
   49    54 0.0001763322 0.0001763322     5138    28259    38536
   49    38 0.0001763322 0.0001763322     5138    28259    38536
   49    80 0.0001763322 0.0001763322     5138    28259    38536
   52    43 0.0001763322 0.0001763322     5138    28259    38536
   52    44 0.0001763322 0.0001763322     5138    28259    38536
   52    55 0.0001763322 0.0001763322     5138    28259    38536
   52    50 0.0001763322 0.0001763322     5138    28259    38536
   52    91 0.0001763322 0.0001763322     5138    28259    38536
   52    54 0.0001763322 0.0001763322     5138    28259    38536
   52    38 0.0001763322 0.0001763322     5138    28259    38536
   52    80 0.0001763322 0.0001763322     5138    28259    38536
   37    49 0.0007053287 0.0007053287     5138    28259    38536
   92    52 0.0007053287 0.0007053287     5138    28259    38536
   86    49 0.0007053287 0.0007053287     5138    28259    38536
   93    52 0.0007053287 0.0007053287     5138    28259    38536
   48    49 0.0007053287 0.0007053287     5138    28259    38536
   14    52 0.0007053287 0.0007053287     5138    28259    38536
   13    49 0.0007053287 0.0007053287     5138    28259    38536
   20    52 0.0007053287 0.0007053287     5138    28259    38536
   42    49 0.0007053287 0.0007053287     5138    28259    38536
   68    52 0.0007053287 0.0007053287     5138    28259    38536
   85    49 0.0007053287 0.0007053287     5138    28259    38536
   26    52 0.0007053287 0.0007053287     5138    28259    38536
   12    49 0.0007053287 0.0007053287     5138    28259    38536
   98    52 0.0007053287 0.0007053287     5138    28259    38536
   79    49 0.0007053287 0.0007053287     5138    28259    38536
   19    52 0.0007053287 0.0007053287     5138    28259    38536
   62    43 0.0001057975 0.0001057975        0    38535    38536
   51    44 0.0001057975 0.0001057975        0    38535    38536
   64    55 0.0001057975 0.0001057975        0    38535    38536
   56    50 0.0001057975 0.0001057975        0    38535    38536
   63    91 0.0001057975 0.0001057975        0    38535    38536
   58    54 0.0001057975 0.0001057975        0    38535    38536
   46    38 0.0001057975 0.0001057975        0    38535    38536
   45    80 0.0001057975 0.0001057975        0    38535    38536
   27    62 0.0004231899 0.0004231899        0    38535    38536
   15    51 0.0004231899 0.0004231899        0    38535    38536
   28    64 0.0004231899 0.0004231899        0    38535    38536
   16    56 0.0004231899 0.0004231899        0    38535    38536
   99    63 0.0004231899 0.0004231899        0    38535    38536
   22    58 0.0004231899 0.0004231899        0    38535    38536
   10    46 0.0004231899 0.0004231899        0    38535    38536
    9    45 0.0004231899 0.0004231899        0    38535    38536
