   57    43 0.0027776524 0.0027776524        0     5138    38536
   57    44 0.0003153202 0.0003153202        0     5138    38536
   57    50 0.0003153202 0.0003153202        0     5138    38536
   57    32 0.0003153202 0.0003153202        0     5138    38536
   57    14 0.0003153202 0.0003153202        0     5138    38536
   57    99 0.0003259490 0.0003259490        0     5138    38536
   57    15 0.0003259490 0.0003259490        0     5138    38536
   57    98 0.0003153202 0.0003153202        0     5138    38536
   57    86 0.0003153202 0.0003153202        0     5138    38536
   57    92 0.0001629745 0.0001629745        0     5138    38536
   57    13 0.0001629745 0.0001629745        0     5138    38536
   57    61 0.0003702912 0.0003702912        0    38535    38536
   57    68 0.0003702912 0.0003702912        0    38535    38536
   57    46 0.0003702912 0.0003702912        0    38535    38536
   57    55 0.0003702912 0.0003702912        0    38535    38536
   57    63 0.0003702912 0.0003702912        0    38535    38536
   57    64 0.0003702912 0.0003702912        0    38535    38536
   57    58 0.0003702912 0.0003702912        0    38535    38536
   57    52 0.0003702912 0.0003702912        0    38535    38536
   43    92 0.0001629745 0.0001629745        0     5138    38536
   43    13 0.0001629745 0.0001629745        0     5138    38536
   43    20 0.0003153202 0.0003153202        0     5138    38536
   43    38 0.0003153202 0.0003153202        0     5138    38536
   43    97 0.0003259490 0.0003259490        0     5138    38536
   43    85 0.0003259490 0.0003259490        0     5138    38536
   43    45 0.0003153202 0.0003153202        0     5138    38536
   43    80 0.0003153202 0.0003153202        0     5138    38536
   43    26 0.0003153202 0.0003153202        0     5138    38536
   43    48 0.0003153202 0.0003153202        0     5138    38536
   21    57 0.0055553047 0.0055553047        0     5138    38536
   21     7 0.0027776524 0.0027776524        0     5138    38536
   21    25 0.0003702912 0.0003702912        0    38535    38536
   21     9 0.0003702912 0.0003702912        0    38535    38536
   21    10 0.0003702912 0.0003702912        0    38535    38536
   21    19 0.0003702912 0.0003702912        0    38535    38536
   21    27 0.0003702912 0.0003702912        0    38535    38536
   21    28 0.0003702912 0.0003702912        0    38535    38536
   21    22 0.0003702912 0.0003702912        0    38535    38536
   21    16 0.0003702912 0.0003702912        0    38535    38536
    7    43 0.0055553047 0.0055553047        0     5138    38536
   44    56 0.0003085813 0.0003085813     5138    28259    38536
   44    51 0.0003085813 0.0003085813     5138    28259    38536
   44    62 0.0003085813 0.0003085813     5138    28259    38536
   44    49 0.0003085813 0.0003085813     5138    28259    38536
   44    69 0.0003085813 0.0003085813     5138    28259    38536
   44    70 0.0003085813 0.0003085813     5138    28259    38536
   44    93 0.0003085813 0.0003085813     5138    28259    38536
   44    87 0.0003085813 0.0003085813     5138    28259    38536
   50    56 0.0003085813 0.0003085813     5138    28259    38536
   50    51 0.0003085813 0.0003085813     5138    28259    38536
   50    62 0.0003085813 0.0003085813     5138    28259    38536
   50    49 0.0003085813 0.0003085813     5138    28259    38536
   50    69 0.0003085813 0.0003085813     5138    28259    38536
   50    70 0.0003085813 0.0003085813     5138    28259    38536
   50    93 0.0003085813 0.0003085813     5138    28259    38536
   50    87 0.0003085813 0.0003085813     5138    28259    38536
   32    44 0.0012343253 0.0012343253     5138    28259    38536
   14    50 0.0012343253 0.0012343253     5138    28259    38536
   99    44 0.0012343253 0.0012343253     5138    28259    38536
   15    50 0.0012343253 0.0012343253     5138    28259    38536
   98    44 0.0012343253 0.0012343253     5138    28259    38536
   86    50 0.0012343253 0.0012343253     5138    28259    38536
   92    44 0.0012343253 0.0012343253     5138    28259    38536
   13    50 0.0012343253 0.0012343253     5138    28259    38536
   20    44 0.0012343253 0.0012343253     5138    28259    38536
   38    50 0.0012343253 0.0012343253     5138    28259    38536
   97    44 0.0012343253 0.0012343253     5138    28259    38536
   85    50 0.0012343253 0.0012343253     5138    28259    38536
   45    44 0.0012343253 0.0012343253     5138    28259    38536
   80    50 0.0012343253 0.0012343253     5138    28259    38536
   26    44 0.0012343253 0.0012343253     5138    28259    38536
   48    50 0.0012343253 0.0012343253     5138    28259    38536
   61    56 0.0001851456 0.0001851456        0    38535    38536
   68    51 0.0001851456 0.0001851456        0    38535    38536
   46    62 0.0001851456 0.0001851456        0    38535    38536
   55    49 0.0001851456 0.0001851456        0    38535    38536
   63    69 0.0001851456 0.0001851456        0    38535    38536
   64    70 0.0001851456 0.0001851456        0    38535    38536
   58    93 0.0001851456 0.0001851456        0    38535    38536
   52    87 0.0001851456 0.0001851456        0    38535    38536
   25    61 0.0007405824 0.0007405824        0    38535    38536
    9    68 0.0007405824 0.0007405824        0    38535    38536
   10    46 0.0007405824 0.0007405824        0    38535    38536
   19    55 0.0007405824 0.0007405824        0    38535    38536
   27    63 0.0007405824 0.0007405824        0    38535    38536
   28    64 0.0007405824 0.0007405824        0    38535    38536
   22    58 0.0007405824 0.0007405824        0    38535    38536
   16    52 0.0007405824 0.0007405824        0    38535    38536
