   58    22 0.0039680748 0.0039680748        0     5138    38536
   58    56 0.0004504575 0.0004504575        0     5138    38536
   58    64 0.0004504575 0.0004504575        0     5138    38536
   58    80 0.0004504575 0.0004504575        0     5138    38536
   58   100 0.0004504575 0.0004504575        0     5138    38536
   58    14 0.0004656414 0.0004656414        0     5138    38536
   58    69 0.0004656414 0.0004656414        0     5138    38536
   58    21 0.0004504575 0.0004504575        0     5138    38536
   58    28 0.0004504575 0.0004504575        0     5138    38536
   58    92 0.0002328207 0.0002328207        0     5138    38536
   58    27 0.0002328207 0.0002328207        0     5138    38536
   58    62 0.0005289874 0.0005289874        0    38535    38536
   58    51 0.0005289874 0.0005289874        0    38535    38536
   58    43 0.0005289874 0.0005289874        0    38535    38536
   58    85 0.0005289874 0.0005289874        0    38535    38536
   58    16 0.0005289874 0.0005289874        0    38535    38536
   58    46 0.0005289874 0.0005289874        0    38535    38536
   58    49 0.0005289874 0.0005289874        0    38535    38536
   58    45 0.0005289874 0.0005289874        0    38535    38536
   22    92 0.0002328207 0.0002328207        0     5138    38536
   22    27 0.0002328207 0.0002328207        0     5138    38536
   22    19 0.0004504575 0.0004504575        0     5138    38536
   22    70 0.0004504575 0.0004504575        0     5138    38536
   22    20 0.0004656414 0.0004656414        0     5138    38536
   22    94 0.0004656414 0.0004656414        0     5138    38536
   22    54 0.0004504575 0.0004504575        0     5138    38536
   22    65 0.0004504575 0.0004504575        0     5138    38536
   22    91 0.0004504575 0.0004504575        0     5138    38536
   22    99 0.0004504575 0.0004504575        0     5138    38536
    3    58 0.0079361495 0.0079361495        0     5138    38536
    3    53 0.0039680748 0.0039680748        0     5138    38536
    3    98 0.0005289874 0.0005289874        0    38535    38536
    3    93 0.0005289874 0.0005289874        0    38535    38536
    3    68 0.0005289874 0.0005289874        0    38535    38536
    3    86 0.0005289874 0.0005289874        0    38535    38536
    3    52 0.0005289874 0.0005289874        0    38535    38536
    3    82 0.0005289874 0.0005289874        0    38535    38536
    3    50 0.0005289874 0.0005289874        0    38535    38536
    3    81 0.0005289874 0.0005289874        0    38535    38536
   53    22 0.0079361495 0.0079361495        0     5138    38536
   56    61 0.0004408304 0.0004408304     5138    28259    38536
   56    63 0.0004408304 0.0004408304     5138    28259    38536
   56    55 0.0004408304 0.0004408304     5138    28259    38536
   56    57 0.0004408304 0.0004408304     5138    28259    38536
   56    88 0.0004408304 0.0004408304     5138    28259    38536
   56    59 0.0004408304 0.0004408304     5138    28259    38536
   56    79 0.0004408304 0.0004408304     5138    28259    38536
   56    44 0.0004408304 0.0004408304     5138    28259    38536
   64    61 0.0004408304 0.0004408304     5138    28259    38536
   64    63 0.0004408304 0.0004408304     5138    28259    38536
   64    55 0.0004408304 0.0004408304     5138    28259    38536
   64    57 0.0004408304 0.0004408304     5138    28259    38536
   64    88 0.0004408304 0.0004408304     5138    28259    38536
   64    59 0.0004408304 0.0004408304     5138    28259    38536
   64    79 0.0004408304 0.0004408304     5138    28259    38536
   64    44 0.0004408304 0.0004408304     5138    28259    38536
   80    56 0.0017633218 0.0017633218     5138    28259    38536
  100    64 0.0017633218 0.0017633218     5138    28259    38536
   14    56 0.0017633218 0.0017633218     5138    28259    38536
   69    64 0.0017633218 0.0017633218     5138    28259    38536
   21    56 0.0017633218 0.0017633218     5138    28259    38536
   28    64 0.0017633218 0.0017633218     5138    28259    38536
   92    56 0.0017633218 0.0017633218     5138    28259    38536
   27    64 0.0017633218 0.0017633218     5138    28259    38536
   19    56 0.0017633218 0.0017633218     5138    28259    38536
   70    64 0.0017633218 0.0017633218     5138    28259    38536
   20    56 0.0017633218 0.0017633218     5138    28259    38536
   94    64 0.0017633218 0.0017633218     5138    28259    38536
   54    56 0.0017633218 0.0017633218     5138    28259    38536
   65    64 0.0017633218 0.0017633218     5138    28259    38536
   91    56 0.0017633218 0.0017633218     5138    28259    38536
   99    64 0.0017633218 0.0017633218     5138    28259    38536
   62    61 0.0002644937 0.0002644937        0    38535    38536
   51    63 0.0002644937 0.0002644937        0    38535    38536
   43    55 0.0002644937 0.0002644937        0    38535    38536
   85    57 0.0002644937 0.0002644937        0    38535    38536
   16    88 0.0002644937 0.0002644937        0    38535    38536
   46    59 0.0002644937 0.0002644937        0    38535    38536
   49    79 0.0002644937 0.0002644937        0    38535    38536
   45    44 0.0002644937 0.0002644937        0    38535    38536
   98    62 0.0010579748 0.0010579748        0    38535    38536
   93    51 0.0010579748 0.0010579748        0    38535    38536
   68    43 0.0010579748 0.0010579748        0    38535    38536
   86    85 0.0010579748 0.0010579748        0    38535    38536
   52    16 0.0010579748 0.0010579748        0    38535    38536
   82    46 0.0010579748 0.0010579748        0    38535    38536
   50    49 0.0010579748 0.0010579748        0    38535    38536
   81    45 0.0010579748 0.0010579748        0    38535    38536
