   50    43 0.0015872299 0.0015872299        0     5138    38536
   50    46 0.0001801830 0.0001801830        0     5138    38536
   50    63 0.0001801830 0.0001801830        0     5138    38536
   50    47 0.0001801830 0.0001801830        0     5138    38536
   50    99 0.0001801830 0.0001801830        0     5138    38536
   50    53 0.0001862566 0.0001862566        0     5138    38536
   50    98 0.0001862566 0.0001862566        0     5138    38536
   50    10 0.0001801830 0.0001801830        0     5138    38536
   50    27 0.0001801830 0.0001801830        0     5138    38536
   50    39 0.0000931283 0.0000931283        0     5138    38536
   50    93 0.0000931283 0.0000931283        0     5138    38536
   50    56 0.0002115950 0.0002115950        0    38535    38536
   50    44 0.0002115950 0.0002115950        0    38535    38536
   50    49 0.0002115950 0.0002115950        0    38535    38536
   50    61 0.0002115950 0.0002115950        0    38535    38536
   50    55 0.0002115950 0.0002115950        0    38535    38536
   50    52 0.0002115950 0.0002115950        0    38535    38536
   50    58 0.0002115950 0.0002115950        0    38535    38536
   50    51 0.0002115950 0.0002115950        0    38535    38536
   43    39 0.0000931283 0.0000931283        0     5138    38536
   43    93 0.0000931283 0.0000931283        0     5138    38536
   43     9 0.0001801830 0.0001801830        0     5138    38536
   43    69 0.0001801830 0.0001801830        0     5138    38536
   43    81 0.0001862566 0.0001862566        0     5138    38536
   43    21 0.0001862566 0.0001862566        0     5138    38536
   43    86 0.0001801830 0.0001801830        0     5138    38536
   43    68 0.0001801830 0.0001801830        0     5138    38536
   43    82 0.0001801830 0.0001801830        0     5138    38536
   43    26 0.0001801830 0.0001801830        0     5138    38536
   40    50 0.0031744598 0.0031744598        0     5138    38536
   40    79 0.0015872299 0.0015872299        0     5138    38536
   40    92 0.0002115950 0.0002115950        0    38535    38536
   40    80 0.0002115950 0.0002115950        0    38535    38536
   40    85 0.0002115950 0.0002115950        0    38535    38536
   40    97 0.0002115950 0.0002115950        0    38535    38536
   40    91 0.0002115950 0.0002115950        0    38535    38536
   40    88 0.0002115950 0.0002115950        0    38535    38536
   40    94 0.0002115950 0.0002115950        0    38535    38536
   40    87 0.0002115950 0.0002115950        0    38535    38536
   79    43 0.0031744598 0.0031744598        0     5138    38536
   46    57 0.0001763322 0.0001763322     5138    28259    38536
   46    45 0.0001763322 0.0001763322     5138    28259    38536
   46    62 0.0001763322 0.0001763322     5138    28259    38536
   46    64 0.0001763322 0.0001763322     5138    28259    38536
   46    22 0.0001763322 0.0001763322     5138    28259    38536
   46    16 0.0001763322 0.0001763322     5138    28259    38536
   46    59 0.0001763322 0.0001763322     5138    28259    38536
   46    15 0.0001763322 0.0001763322     5138    28259    38536
   63    57 0.0001763322 0.0001763322     5138    28259    38536
   63    45 0.0001763322 0.0001763322     5138    28259    38536
   63    62 0.0001763322 0.0001763322     5138    28259    38536
   63    64 0.0001763322 0.0001763322     5138    28259    38536
   63    22 0.0001763322 0.0001763322     5138    28259    38536
   63    16 0.0001763322 0.0001763322     5138    28259    38536
   63    59 0.0001763322 0.0001763322     5138    28259    38536
   63    15 0.0001763322 0.0001763322     5138    28259    38536
   47    46 0.0007053287 0.0007053287     5138    28259    38536
   99    63 0.0007053287 0.0007053287     5138    28259    38536
   53    46 0.0007053287 0.0007053287     5138    28259    38536
   98    63 0.0007053287 0.0007053287     5138    28259    38536
   10    46 0.0007053287 0.0007053287     5138    28259    38536
   27    63 0.0007053287 0.0007053287     5138    28259    38536
   39    46 0.0007053287 0.0007053287     5138    28259    38536
   93    63 0.0007053287 0.0007053287     5138    28259    38536
    9    46 0.0007053287 0.0007053287     5138    28259    38536
   69    63 0.0007053287 0.0007053287     5138    28259    38536
   81    46 0.0007053287 0.0007053287     5138    28259    38536
   21    63 0.0007053287 0.0007053287     5138    28259    38536
   86    46 0.0007053287 0.0007053287     5138    28259    38536
   68    63 0.0007053287 0.0007053287     5138    28259    38536
   82    46 0.0007053287 0.0007053287     5138    28259    38536
   26    63 0.0007053287 0.0007053287     5138    28259    38536
   56    57 0.0001057975 0.0001057975        0    38535    38536
   44    45 0.0001057975 0.0001057975        0    38535    38536
   49    62 0.0001057975 0.0001057975        0    38535    38536
   61    64 0.0001057975 0.0001057975        0    38535    38536
   55    22 0.0001057975 0.0001057975        0    38535    38536
   52    16 0.0001057975 0.0001057975        0    38535    38536
   58    59 0.0001057975 0.0001057975        0    38535    38536
   51    15 0.0001057975 0.0001057975        0    38535    38536
   92    56 0.0004231899 0.0004231899        0    38535    38536
   80    44 0.0004231899 0.0004231899        0    38535    38536
   85    49 0.0004231899 0.0004231899        0    38535    38536
   97    61 0.0004231899 0.0004231899        0    38535    38536
   91    55 0.0004231899 0.0004231899        0    38535    38536
   88    52 0.0004231899 0.0004231899        0    38535    38536
   94    58 0.0004231899 0.0004231899        0    38535    38536
   87    51 0.0004231899 0.0004231899        0    38535    38536
