   52    64 0.0067457272 0.0067457272        0     5138    38536
   52    61 0.0007657777 0.0007657777        0     5138    38536
   52    56 0.0007657777 0.0007657777        0     5138    38536
   52    19 0.0007657777 0.0007657777        0     5138    38536
   52    14 0.0007657777 0.0007657777        0     5138    38536
   52    54 0.0007915904 0.0007915904        0     5138    38536
   52    15 0.0007915904 0.0007915904        0     5138    38536
   52    67 0.0007657777 0.0007657777        0     5138    38536
   52    92 0.0007657777 0.0007657777        0     5138    38536
   52    60 0.0003957952 0.0003957952        0     5138    38536
   52    93 0.0003957952 0.0003957952        0     5138    38536
   52    51 0.0008992786 0.0008992786        0    38535    38536
   52    63 0.0008992786 0.0008992786        0    38535    38536
   52    44 0.0008992786 0.0008992786        0    38535    38536
   52    46 0.0008992786 0.0008992786        0    38535    38536
   52    45 0.0008992786 0.0008992786        0    38535    38536
   52    43 0.0008992786 0.0008992786        0    38535    38536
   52    50 0.0008992786 0.0008992786        0    38535    38536
   52    58 0.0008992786 0.0008992786        0    38535    38536
   64    60 0.0003957952 0.0003957952        0     5138    38536
   64    93 0.0003957952 0.0003957952        0     5138    38536
   64    97 0.0007657777 0.0007657777        0     5138    38536
   64    26 0.0007657777 0.0007657777        0     5138    38536
   64    98 0.0007915904 0.0007915904        0     5138    38536
   64    21 0.0007915904 0.0007915904        0     5138    38536
   64    25 0.0007657777 0.0007657777        0     5138    38536
   64    68 0.0007657777 0.0007657777        0     5138    38536
   64    96 0.0007657777 0.0007657777        0     5138    38536
   64    20 0.0007657777 0.0007657777        0     5138    38536
   79    52 0.0134914541 0.0134914541        0     5138    38536
   79   100 0.0067457272 0.0067457272        0     5138    38536
   79    87 0.0008992786 0.0008992786        0    38535    38536
   79    99 0.0008992786 0.0008992786        0    38535    38536
   79    80 0.0008992786 0.0008992786        0    38535    38536
   79    82 0.0008992786 0.0008992786        0    38535    38536
   79    81 0.0008992786 0.0008992786        0    38535    38536
   79    88 0.0008992786 0.0008992786        0    38535    38536
   79    69 0.0008992786 0.0008992786        0    38535    38536
   79    94 0.0008992786 0.0008992786        0    38535    38536
  100    64 0.0134914541 0.0134914541        0     5138    38536
   61    49 0.0007494117 0.0007494117     5138    28259    38536
   61    62 0.0007494117 0.0007494117     5138    28259    38536
   61    55 0.0007494117 0.0007494117     5138    28259    38536
   61    57 0.0007494117 0.0007494117     5138    28259    38536
   61    48 0.0007494117 0.0007494117     5138    28259    38536
   61    91 0.0007494117 0.0007494117     5138    28259    38536
   61    85 0.0007494117 0.0007494117     5138    28259    38536
   61    27 0.0007494117 0.0007494117     5138    28259    38536
   56    49 0.0007494117 0.0007494117     5138    28259    38536
   56    62 0.0007494117 0.0007494117     5138    28259    38536
   56    55 0.0007494117 0.0007494117     5138    28259    38536
   56    57 0.0007494117 0.0007494117     5138    28259    38536
   56    48 0.0007494117 0.0007494117     5138    28259    38536
   56    91 0.0007494117 0.0007494117     5138    28259    38536
   56    85 0.0007494117 0.0007494117     5138    28259    38536
   56    27 0.0007494117 0.0007494117     5138    28259    38536
   19    61 0.0029976471 0.0029976471     5138    28259    38536
   14    56 0.0029976471 0.0029976471     5138    28259    38536
   54    61 0.0029976471 0.0029976471     5138    28259    38536
   15    56 0.0029976471 0.0029976471     5138    28259    38536
   67    61 0.0029976471 0.0029976471     5138    28259    38536
   92    56 0.0029976471 0.0029976471     5138    28259    38536
   60    61 0.0029976471 0.0029976471     5138    28259    38536
   93    56 0.0029976471 0.0029976471     5138    28259    38536
   97    61 0.0029976471 0.0029976471     5138    28259    38536
   26    56 0.0029976471 0.0029976471     5138    28259    38536
   98    61 0.0029976471 0.0029976471     5138    28259    38536
   21    56 0.0029976471 0.0029976471     5138    28259    38536
   25    61 0.0029976471 0.0029976471     5138    28259    38536
   68    56 0.0029976471 0.0029976471     5138    28259    38536
   96    61 0.0029976471 0.0029976471     5138    28259    38536
   20    56 0.0029976471 0.0029976471     5138    28259    38536
   51    49 0.0004496393 0.0004496393        0    38535    38536
   63    62 0.0004496393 0.0004496393        0    38535    38536
   44    55 0.0004496393 0.0004496393        0    38535    38536
   46    57 0.0004496393 0.0004496393        0    38535    38536
   45    48 0.0004496393 0.0004496393        0    38535    38536
   43    91 0.0004496393 0.0004496393        0    38535    38536
   50    85 0.0004496393 0.0004496393        0    38535    38536
   58    27 0.0004496393 0.0004496393        0    38535    38536
   87    51 0.0017985572 0.0017985572        0    38535    38536
   99    63 0.0017985572 0.0017985572        0    38535    38536
   80    44 0.0017985572 0.0017985572        0    38535    38536
   82    46 0.0017985572 0.0017985572        0    38535    38536
   81    45 0.0017985572 0.0017985572        0    38535    38536
   88    43 0.0017985572 0.0017985572        0    38535    38536
   69    50 0.0017985572 0.0017985572        0    38535    38536
   94    58 0.0017985572 0.0017985572        0    38535    38536
