   50    25 0.0071425346 0.0071425346        0     5138    38536
   50    61 0.0008108235 0.0008108235        0     5138    38536
   50    52 0.0008108235 0.0008108235        0     5138    38536
   50    43 0.0008108235 0.0008108235        0     5138    38536
   50    88 0.0008108235 0.0008108235        0     5138    38536
   50    26 0.0008381545 0.0008381545        0     5138    38536
   50    87 0.0008381545 0.0008381545        0     5138    38536
   50    60 0.0008108235 0.0008108235        0     5138    38536
   50    22 0.0008108235 0.0008108235        0     5138    38536
   50    19 0.0004190773 0.0004190773        0     5138    38536
   50    15 0.0004190773 0.0004190773        0     5138    38536
   50    58 0.0009521773 0.0009521773        0    38535    38536
   50    49 0.0009521773 0.0009521773        0    38535    38536
   50    44 0.0009521773 0.0009521773        0    38535    38536
   50    45 0.0009521773 0.0009521773        0    38535    38536
   50    56 0.0009521773 0.0009521773        0    38535    38536
   50    46 0.0009521773 0.0009521773        0    38535    38536
   50    55 0.0009521773 0.0009521773        0    38535    38536
   50    57 0.0009521773 0.0009521773        0    38535    38536
   25    19 0.0004190773 0.0004190773        0     5138    38536
   25    15 0.0004190773 0.0004190773        0     5138    38536
   25    97 0.0008108235 0.0008108235        0     5138    38536
   25    53 0.0008108235 0.0008108235        0     5138    38536
   25    67 0.0008381545 0.0008381545        0     5138    38536
   25    10 0.0008381545 0.0008381545        0     5138    38536
   25    96 0.0008108235 0.0008108235        0     5138    38536
   25    40 0.0008108235 0.0008108235        0     5138    38536
   25    24 0.0008108235 0.0008108235        0     5138    38536
   25    16 0.0008108235 0.0008108235        0     5138    38536
   86    50 0.0142850691 0.0142850691        0     5138    38536
   86    79 0.0071425346 0.0071425346        0     5138    38536
   86    94 0.0009521773 0.0009521773        0    38535    38536
   86    85 0.0009521773 0.0009521773        0    38535    38536
   86    80 0.0009521773 0.0009521773        0    38535    38536
   86    81 0.0009521773 0.0009521773        0    38535    38536
   86    92 0.0009521773 0.0009521773        0    38535    38536
   86    82 0.0009521773 0.0009521773        0    38535    38536
   86    91 0.0009521773 0.0009521773        0    38535    38536
   86    93 0.0009521773 0.0009521773        0    38535    38536
   79    25 0.0142850691 0.0142850691        0     5138    38536
   61    64 0.0007934947 0.0007934947     5138    28259    38536
   61    62 0.0007934947 0.0007934947     5138    28259    38536
   61    51 0.0007934947 0.0007934947     5138    28259    38536
   61    63 0.0007934947 0.0007934947     5138    28259    38536
   61    20 0.0007934947 0.0007934947     5138    28259    38536
   61    59 0.0007934947 0.0007934947     5138    28259    38536
   61    54 0.0007934947 0.0007934947     5138    28259    38536
   61    21 0.0007934947 0.0007934947     5138    28259    38536
   52    64 0.0007934947 0.0007934947     5138    28259    38536
   52    62 0.0007934947 0.0007934947     5138    28259    38536
   52    51 0.0007934947 0.0007934947     5138    28259    38536
   52    63 0.0007934947 0.0007934947     5138    28259    38536
   52    20 0.0007934947 0.0007934947     5138    28259    38536
   52    59 0.0007934947 0.0007934947     5138    28259    38536
   52    54 0.0007934947 0.0007934947     5138    28259    38536
   52    21 0.0007934947 0.0007934947     5138    28259    38536
   43    61 0.0031739792 0.0031739792     5138    28259    38536
   88    52 0.0031739792 0.0031739792     5138    28259    38536
   26    61 0.0031739792 0.0031739792     5138    28259    38536
   87    52 0.0031739792 0.0031739792     5138    28259    38536
   60    61 0.0031739792 0.0031739792     5138    28259    38536
   22    52 0.0031739792 0.0031739792     5138    28259    38536
   19    61 0.0031739792 0.0031739792     5138    28259    38536
   15    52 0.0031739792 0.0031739792     5138    28259    38536
   97    61 0.0031739792 0.0031739792     5138    28259    38536
   53    52 0.0031739792 0.0031739792     5138    28259    38536
   67    61 0.0031739792 0.0031739792     5138    28259    38536
   10    52 0.0031739792 0.0031739792     5138    28259    38536
   96    61 0.0031739792 0.0031739792     5138    28259    38536
   40    52 0.0031739792 0.0031739792     5138    28259    38536
   24    61 0.0031739792 0.0031739792     5138    28259    38536
   16    52 0.0031739792 0.0031739792     5138    28259    38536
   58    64 0.0004760887 0.0004760887        0    38535    38536
   49    62 0.0004760887 0.0004760887        0    38535    38536
   44    51 0.0004760887 0.0004760887        0    38535    38536
   45    63 0.0004760887 0.0004760887        0    38535    38536
   56    20 0.0004760887 0.0004760887        0    38535    38536
   46    59 0.0004760887 0.0004760887        0    38535    38536
   55    54 0.0004760887 0.0004760887        0    38535    38536
   57    21 0.0004760887 0.0004760887        0    38535    38536
   94    58 0.0019043546 0.0019043546        0    38535    38536
   85    49 0.0019043546 0.0019043546        0    38535    38536
   80    44 0.0019043546 0.0019043546        0    38535    38536
   81    45 0.0019043546 0.0019043546        0    38535    38536
   92    56 0.0019043546 0.0019043546        0    38535    38536
   82    46 0.0019043546 0.0019043546        0    38535    38536
   91    55 0.0019043546 0.0019043546        0    38535    38536
   93    57 0.0019043546 0.0019043546        0    38535    38536
