   56    50 0.0039680748 0.0039680748        0     5138    38536
   56    58 0.0004504575 0.0004504575        0     5138    38536
   56    21 0.0004504575 0.0004504575        0     5138    38536
   56    65 0.0004504575 0.0004504575        0     5138    38536
   56    46 0.0004504575 0.0004504575        0     5138    38536
   56    14 0.0004656414 0.0004656414        0     5138    38536
   56    81 0.0004656414 0.0004656414        0     5138    38536
   56    23 0.0004504575 0.0004504575        0     5138    38536
   56    40 0.0004504575 0.0004504575        0     5138    38536
   56    59 0.0002328207 0.0002328207        0     5138    38536
   56    70 0.0002328207 0.0002328207        0     5138    38536
   56    61 0.0005289874 0.0005289874        0    38535    38536
   56    44 0.0005289874 0.0005289874        0    38535    38536
   56    51 0.0005289874 0.0005289874        0    38535    38536
   56    63 0.0005289874 0.0005289874        0    38535    38536
   56    55 0.0005289874 0.0005289874        0    38535    38536
   56    52 0.0005289874 0.0005289874        0    38535    38536
   56    62 0.0005289874 0.0005289874        0    38535    38536
   56    49 0.0005289874 0.0005289874        0    38535    38536
   50    59 0.0002328207 0.0002328207        0     5138    38536
   50    70 0.0002328207 0.0002328207        0     5138    38536
   50    22 0.0004504575 0.0004504575        0     5138    38536
   50    10 0.0004504575 0.0004504575        0     5138    38536
   50    93 0.0004656414 0.0004656414        0     5138    38536
   50     4 0.0004656414 0.0004656414        0     5138    38536
   50    94 0.0004504575 0.0004504575        0     5138    38536
   50    11 0.0004504575 0.0004504575        0     5138    38536
   50    53 0.0004504575 0.0004504575        0     5138    38536
   50    47 0.0004504575 0.0004504575        0     5138    38536
   20    56 0.0079361495 0.0079361495        0     5138    38536
   20    82 0.0039680748 0.0039680748        0     5138    38536
   20    25 0.0005289874 0.0005289874        0    38535    38536
   20     8 0.0005289874 0.0005289874        0    38535    38536
   20    15 0.0005289874 0.0005289874        0    38535    38536
   20    27 0.0005289874 0.0005289874        0    38535    38536
   20    19 0.0005289874 0.0005289874        0    38535    38536
   20    16 0.0005289874 0.0005289874        0    38535    38536
   20    26 0.0005289874 0.0005289874        0    38535    38536
   20    13 0.0005289874 0.0005289874        0    38535    38536
   82    50 0.0079361495 0.0079361495        0     5138    38536
   58    57 0.0004408304 0.0004408304     5138    28259    38536
   58    24 0.0004408304 0.0004408304     5138    28259    38536
   58    45 0.0004408304 0.0004408304     5138    28259    38536
   58    64 0.0004408304 0.0004408304     5138    28259    38536
   58    88 0.0004408304 0.0004408304     5138    28259    38536
   58    89 0.0004408304 0.0004408304     5138    28259    38536
   58   100 0.0004408304 0.0004408304     5138    28259    38536
   58    87 0.0004408304 0.0004408304     5138    28259    38536
   21    57 0.0004408304 0.0004408304     5138    28259    38536
   21    24 0.0004408304 0.0004408304     5138    28259    38536
   21    45 0.0004408304 0.0004408304     5138    28259    38536
   21    64 0.0004408304 0.0004408304     5138    28259    38536
   21    88 0.0004408304 0.0004408304     5138    28259    38536
   21    89 0.0004408304 0.0004408304     5138    28259    38536
   21   100 0.0004408304 0.0004408304     5138    28259    38536
   21    87 0.0004408304 0.0004408304     5138    28259    38536
   65    58 0.0017633218 0.0017633218     5138    28259    38536
   46    21 0.0017633218 0.0017633218     5138    28259    38536
   14    58 0.0017633218 0.0017633218     5138    28259    38536
   81    21 0.0017633218 0.0017633218     5138    28259    38536
   23    58 0.0017633218 0.0017633218     5138    28259    38536
   40    21 0.0017633218 0.0017633218     5138    28259    38536
   59    58 0.0017633218 0.0017633218     5138    28259    38536
   70    21 0.0017633218 0.0017633218     5138    28259    38536
   22    58 0.0017633218 0.0017633218     5138    28259    38536
   10    21 0.0017633218 0.0017633218     5138    28259    38536
   93    58 0.0017633218 0.0017633218     5138    28259    38536
    4    21 0.0017633218 0.0017633218     5138    28259    38536
   94    58 0.0017633218 0.0017633218     5138    28259    38536
   11    21 0.0017633218 0.0017633218     5138    28259    38536
   53    58 0.0017633218 0.0017633218     5138    28259    38536
   47    21 0.0017633218 0.0017633218     5138    28259    38536
   61    57 0.0002644937 0.0002644937        0    38535    38536
   44    24 0.0002644937 0.0002644937        0    38535    38536
   51    45 0.0002644937 0.0002644937        0    38535    38536
   63    64 0.0002644937 0.0002644937        0    38535    38536
   55    88 0.0002644937 0.0002644937        0    38535    38536
   52    89 0.0002644937 0.0002644937        0    38535    38536
   62   100 0.0002644937 0.0002644937        0    38535    38536
   49    87 0.0002644937 0.0002644937        0    38535    38536
   25    61 0.0010579748 0.0010579748        0    38535    38536
    8    44 0.0010579748 0.0010579748        0    38535    38536
   15    51 0.0010579748 0.0010579748        0    38535    38536
   27    63 0.0010579748 0.0010579748        0    38535    38536
   19    55 0.0010579748 0.0010579748        0    38535    38536
   16    52 0.0010579748 0.0010579748        0    38535    38536
   26    62 0.0010579748 0.0010579748        0    38535    38536
   13    49 0.0010579748 0.0010579748        0    38535    38536
