   86    33 0.0083329571 0.0083329571        0     5138    38536
   86    62 0.0009459607 0.0009459607        0     5138    38536
   86    55 0.0009459607 0.0009459607        0     5138    38536
   86    46 0.0009459607 0.0009459607        0     5138    38536
   86    18 0.0009459607 0.0009459607        0     5138    38536
   86    99 0.0009778469 0.0009778469        0     5138    38536
   86    13 0.0009778469 0.0009778469        0     5138    38536
   86    26 0.0009459607 0.0009459607        0     5138    38536
   86    91 0.0009459607 0.0009459607        0     5138    38536
   86    20 0.0004889235 0.0004889235        0     5138    38536
   86    85 0.0004889235 0.0004889235        0     5138    38536
   86    64 0.0011108735 0.0011108735        0    38535    38536
   86    14 0.0011108735 0.0011108735        0    38535    38536
   86    57 0.0011108735 0.0011108735        0    38535    38536
   86    58 0.0011108735 0.0011108735        0    38535    38536
   86    52 0.0011108735 0.0011108735        0    38535    38536
   86    69 0.0011108735 0.0011108735        0    38535    38536
   86    45 0.0011108735 0.0011108735        0    38535    38536
   86    43 0.0011108735 0.0011108735        0    38535    38536
   33    20 0.0004889235 0.0004889235        0     5138    38536
   33    85 0.0004889235 0.0004889235        0     5138    38536
   33    25 0.0009459607 0.0009459607        0     5138    38536
   33    67 0.0009459607 0.0009459607        0     5138    38536
   33    98 0.0009778469 0.0009778469        0     5138    38536
   33    48 0.0009778469 0.0009778469        0     5138    38536
   33    60 0.0009459607 0.0009459607        0     5138    38536
   33    54 0.0009459607 0.0009459607        0     5138    38536
   33    68 0.0009459607 0.0009459607        0     5138    38536
   33    19 0.0009459607 0.0009459607        0     5138    38536
   15    86 0.0166659139 0.0166659139        0     5138    38536
   15    44 0.0083329571 0.0083329571        0     5138    38536
   15    28 0.0011108735 0.0011108735        0    38535    38536
   15     8 0.0011108735 0.0011108735        0    38535    38536
   15    70 0.0011108735 0.0011108735        0    38535    38536
   15    10 0.0011108735 0.0011108735        0    38535    38536
   15    16 0.0011108735 0.0011108735        0    38535    38536
   15    22 0.0011108735 0.0011108735        0    38535    38536
   15     9 0.0011108735 0.0011108735        0    38535    38536
   15     7 0.0011108735 0.0011108735        0    38535    38536
   44    33 0.0166659139 0.0166659139        0     5138    38536
   62    63 0.0009257438 0.0009257438     5138    28259    38536
   62    49 0.0009257438 0.0009257438     5138    28259    38536
   62    61 0.0009257438 0.0009257438     5138    28259    38536
   62    56 0.0009257438 0.0009257438     5138    28259    38536
   62    92 0.0009257438 0.0009257438     5138    28259    38536
   62    93 0.0009257438 0.0009257438     5138    28259    38536
   62    51 0.0009257438 0.0009257438     5138    28259    38536
   62    97 0.0009257438 0.0009257438     5138    28259    38536
   55    63 0.0009257438 0.0009257438     5138    28259    38536
   55    49 0.0009257438 0.0009257438     5138    28259    38536
   55    61 0.0009257438 0.0009257438     5138    28259    38536
   55    56 0.0009257438 0.0009257438     5138    28259    38536
   55    92 0.0009257438 0.0009257438     5138    28259    38536
   55    93 0.0009257438 0.0009257438     5138    28259    38536
   55    51 0.0009257438 0.0009257438     5138    28259    38536
   55    97 0.0009257438 0.0009257438     5138    28259    38536
   46    62 0.0037029758 0.0037029758     5138    28259    38536
   18    55 0.0037029758 0.0037029758     5138    28259    38536
   99    62 0.0037029758 0.0037029758     5138    28259    38536
   13    55 0.0037029758 0.0037029758     5138    28259    38536
   26    62 0.0037029758 0.0037029758     5138    28259    38536
   91    55 0.0037029758 0.0037029758     5138    28259    38536
   20    62 0.0037029758 0.0037029758     5138    28259    38536
   85    55 0.0037029758 0.0037029758     5138    28259    38536
   25    62 0.0037029758 0.0037029758     5138    28259    38536
   67    55 0.0037029758 0.0037029758     5138    28259    38536
   98    62 0.0037029758 0.0037029758     5138    28259    38536
   48    55 0.0037029758 0.0037029758     5138    28259    38536
   60    62 0.0037029758 0.0037029758     5138    28259    38536
   54    55 0.0037029758 0.0037029758     5138    28259    38536
   68    62 0.0037029758 0.0037029758     5138    28259    38536
   19    55 0.0037029758 0.0037029758     5138    28259    38536
   64    63 0.0005554368 0.0005554368        0    38535    38536
   14    49 0.0005554368 0.0005554368        0    38535    38536
   57    61 0.0005554368 0.0005554368        0    38535    38536
   58    56 0.0005554368 0.0005554368        0    38535    38536
   52    92 0.0005554368 0.0005554368        0    38535    38536
   69    93 0.0005554368 0.0005554368        0    38535    38536
   45    51 0.0005554368 0.0005554368        0    38535    38536
   43    97 0.0005554368 0.0005554368        0    38535    38536
   28    64 0.0022217471 0.0022217471        0    38535    38536
    8    14 0.0022217471 0.0022217471        0    38535    38536
   70    57 0.0022217471 0.0022217471        0    38535    38536
   10    58 0.0022217471 0.0022217471        0    38535    38536
   16    52 0.0022217471 0.0022217471        0    38535    38536
   22    69 0.0022217471 0.0022217471        0    38535    38536
    9    45 0.0022217471 0.0022217471        0    38535    38536
    7    43 0.0022217471 0.0022217471        0    38535    38536
