   50    46 0.0011391652 0.0011391652        0    23121   115606
   50    58 0.0011391652 0.0011391652        0    23121   115606
   50    43 0.0011391652 0.0011391652        0    23121   115606
   50    14 0.0000264922 0.0000264922        0    23121   115606
   50    10 0.0000264922 0.0000264922        0    23121   115606
   50    22 0.0000264922 0.0000264922        0    23121   115606
   50     7 0.0000264922 0.0000264922        0    23121   115606
   50    49 0.0013775951 0.0013775951        0    23121   115606
   50    61 0.0013775951 0.0013775951        0    23121   115606
   50    62 0.0013775951 0.0013775951        0    23121   115606
   50    25 0.0013775951 0.0013775951        0    23121   115606
   50    55 0.0003443988 0.0003443988        0    23121   115606
   50    64 0.0003443988 0.0003443988        0    23121   115606
   50    63 0.0003443988 0.0003443988        0    23121   115606
   50    52 0.0003443988 0.0003443988        0    23121   115606
   46    55 0.0010331964 0.0010331964        0    23121   115606
   46    64 0.0010331964 0.0010331964        0    23121   115606
   46    63 0.0010331964 0.0010331964        0    23121   115606
   46    52 0.0010331964 0.0010331964        0    23121   115606
   46    13 0.0006887976 0.0006887976        0    23121   115606
   46    97 0.0006887976 0.0006887976        0    23121   115606
   46    68 0.0006887976 0.0006887976        0    23121   115606
   46    88 0.0006887976 0.0006887976        0    23121   115606
   58    13 0.0006887976 0.0006887976        0    23121   115606
   58    97 0.0006887976 0.0006887976        0    23121   115606
   58    68 0.0006887976 0.0006887976        0    23121   115606
   58    88 0.0006887976 0.0006887976        0    23121   115606
   58    85 0.0010331964 0.0010331964        0    23121   115606
   58    60 0.0010331964 0.0010331964        0    23121   115606
   58    98 0.0010331964 0.0010331964        0    23121   115606
   58    15 0.0010331964 0.0010331964        0    23121   115606
   43    85 0.0003443988 0.0003443988        0    23121   115606
   43    60 0.0003443988 0.0003443988        0    23121   115606
   43    98 0.0003443988 0.0003443988        0    23121   115606
   43    15 0.0003443988 0.0003443988        0    23121   115606
   43    48 0.0013775951 0.0013775951        0    23121   115606
   43    67 0.0013775951 0.0013775951        0    23121   115606
   43    51 0.0013775951 0.0013775951        0    23121   115606
   43    87 0.0013775951 0.0013775951        0    23121   115606
   14    50 0.0068084991 0.0068084991        0    23121   115606
   14    46 0.0000264922 0.0000264922        0    23121   115606
   14    58 0.0000264922 0.0000264922        0    23121   115606
   14    43 0.0000264922 0.0000264922        0    23121   115606
   14    10 0.0011656575 0.0011656575        0    23121   115606
   14    22 0.0011656575 0.0011656575        0    23121   115606
   14     7 0.0011656575 0.0011656575        0    23121   115606
   14    86 0.0000264922 0.0000264922        0    23121   115606
   14    82 0.0000264922 0.0000264922        0    23121   115606
   14    94 0.0000264922 0.0000264922        0    23121   115606
   14    79 0.0000264922 0.0000264922        0    23121   115606
   10    46 0.0067820069 0.0067820069        0    23121   115606
   22    58 0.0067820069 0.0067820069        0    23121   115606
    7    43 0.0067820069 0.0067820069        0    23121   115606
   86    50 0.0067820069 0.0067820069        0    23121   115606
   86    14 0.0000264922 0.0000264922        0    23121   115606
   86    10 0.0000264922 0.0000264922        0    23121   115606
   86    22 0.0000264922 0.0000264922        0    23121   115606
   86     7 0.0000264922 0.0000264922        0    23121   115606
   86    82 0.0011391652 0.0011391652        0    23121   115606
   86    94 0.0011391652 0.0011391652        0    23121   115606
   86    79 0.0011391652 0.0011391652        0    23121   115606
   82    46 0.0067820069 0.0067820069        0    23121   115606
   94    58 0.0067820069 0.0067820069        0    23121   115606
   79    43 0.0067820069 0.0067820069        0    23121   115606
   49    57 0.0006887827 0.0006887827    23121    69363   115606
   49    56 0.0006887827 0.0006887827    23121    69363   115606
   49    45 0.0006887827 0.0006887827    23121    69363   115606
   49    44 0.0006887827 0.0006887827    23121    69363   115606
   49    99 0.0001721957 0.0001721957    23121    69363   115606
   49    19 0.0001721957 0.0001721957    23121    69363   115606
   49    81 0.0001721957 0.0001721957    23121    69363   115606
   49    37 0.0001721957 0.0001721957    23121    69363   115606
   61    99 0.0005165870 0.0005165870    23121    69363   115606
   61    19 0.0005165870 0.0005165870    23121    69363   115606
   61    81 0.0005165870 0.0005165870    23121    69363   115606
   61    37 0.0005165870 0.0005165870    23121    69363   115606
   61    27 0.0003443914 0.0003443914    23121    69363   115606
   61    26 0.0003443914 0.0003443914    23121    69363   115606
   61     8 0.0003443914 0.0003443914    23121    69363   115606
   61    42 0.0003443914 0.0003443914    23121    69363   115606
   62    27 0.0003443914 0.0003443914    23121    69363   115606
   62    26 0.0003443914 0.0003443914    23121    69363   115606
   62     8 0.0003443914 0.0003443914    23121    69363   115606
   62    42 0.0003443914 0.0003443914    23121    69363   115606
   62    21 0.0005165870 0.0005165870    23121    69363   115606
   62    20 0.0005165870 0.0005165870    23121    69363   115606
   62    39 0.0005165870 0.0005165870    23121    69363   115606
   62    38 0.0005165870 0.0005165870    23121    69363   115606
   25    21 0.0001721957 0.0001721957    23121    69363   115606
   25    20 0.0001721957 0.0001721957    23121    69363   115606
   25    39 0.0001721957 0.0001721957    23121    69363   115606
   25    38 0.0001721957 0.0001721957    23121    69363   115606
   25    93 0.0006887827 0.0006887827    23121    69363   115606
   25    92 0.0006887827 0.0006887827    23121    69363   115606
   25     9 0.0006887827 0.0006887827    23121    69363   115606
   25    80 0.0006887827 0.0006887827    23121    69363   115606
   55    49 0.0033909301 0.0033909301    23121    69363   115606
   64    61 0.0033909301 0.0033909301    23121    69363   115606
   63    62 0.0033909301 0.0033909301    23121    69363   115606
   52    25 0.0033909301 0.0033909301    23121    69363   115606
   13    49 0.0033909301 0.0033909301    23121    69363   115606
   97    61 0.0033909301 0.0033909301    23121    69363   115606
   68    62 0.0033909301 0.0033909301    23121    69363   115606
   88    25 0.0033909301 0.0033909301    23121    69363   115606
   85    49 0.0033909301 0.0033909301    23121    69363   115606
   60    61 0.0033909301 0.0033909301    23121    69363   115606
   98    62 0.0033909301 0.0033909301    23121    69363   115606
   15    25 0.0033909301 0.0033909301    23121    69363   115606
   48    49 0.0033909301 0.0033909301    23121    69363   115606
   67    61 0.0033909301 0.0033909301    23121    69363   115606
   51    62 0.0033909301 0.0033909301    23121    69363   115606
   87    25 0.0033909301 0.0033909301    23121    69363   115606
   99    57 0.0033909301 0.0033909301    69363   115605   115606
   19    56 0.0033909301 0.0033909301    69363   115605   115606
   81    45 0.0033909301 0.0033909301    69363   115605   115606
   37    44 0.0033909301 0.0033909301    69363   115605   115606
   27    57 0.0033909301 0.0033909301    69363   115605   115606
   26    56 0.0033909301 0.0033909301    69363   115605   115606
    8    45 0.0033909301 0.0033909301    69363   115605   115606
   42    44 0.0033909301 0.0033909301    69363   115605   115606
   21    57 0.0033909301 0.0033909301    69363   115605   115606
   20    56 0.0033909301 0.0033909301    69363   115605   115606
   39    45 0.0033909301 0.0033909301    69363   115605   115606
   38    44 0.0033909301 0.0033909301    69363   115605   115606
   93    57 0.0033909301 0.0033909301    69363   115605   115606
   92    56 0.0033909301 0.0033909301    69363   115605   115606
    9    45 0.0033909301 0.0033909301    69363   115605   115606
   80    44 0.0033909301 0.0033909301    69363   115605   115606
