   61    55 0.0018226644 0.0018226644        0    23121   115606
   61    45 0.0018226644 0.0018226644        0    23121   115606
   61    44 0.0018226644 0.0018226644        0    23121   115606
   61    25 0.0000423876 0.0000423876        0    23121   115606
   61    19 0.0000423876 0.0000423876        0    23121   115606
   61     9 0.0000423876 0.0000423876        0    23121   115606
   61     8 0.0000423876 0.0000423876        0    23121   115606
   61    63 0.0022041522 0.0022041522        0    23121   115606
   61    50 0.0022041522 0.0022041522        0    23121   115606
   61    58 0.0022041522 0.0022041522        0    23121   115606
   61    43 0.0022041522 0.0022041522        0    23121   115606
   61    62 0.0005510381 0.0005510381        0    23121   115606
   61    51 0.0005510381 0.0005510381        0    23121   115606
   61    57 0.0005510381 0.0005510381        0    23121   115606
   61    49 0.0005510381 0.0005510381        0    23121   115606
   55    62 0.0016531142 0.0016531142        0    23121   115606
   55    51 0.0016531142 0.0016531142        0    23121   115606
   55    57 0.0016531142 0.0016531142        0    23121   115606
   55    49 0.0016531142 0.0016531142        0    23121   115606
   55    99 0.0011020761 0.0011020761        0    23121   115606
   55    86 0.0011020761 0.0011020761        0    23121   115606
   55    94 0.0011020761 0.0011020761        0    23121   115606
   55    52 0.0011020761 0.0011020761        0    23121   115606
   45    99 0.0011020761 0.0011020761        0    23121   115606
   45    86 0.0011020761 0.0011020761        0    23121   115606
   45    94 0.0011020761 0.0011020761        0    23121   115606
   45    52 0.0011020761 0.0011020761        0    23121   115606
   45    69 0.0016531142 0.0016531142        0    23121   115606
   45    38 0.0016531142 0.0016531142        0    23121   115606
   45    22 0.0016531142 0.0016531142        0    23121   115606
   45    37 0.0016531142 0.0016531142        0    23121   115606
   44    69 0.0005510381 0.0005510381        0    23121   115606
   44    38 0.0005510381 0.0005510381        0    23121   115606
   44    22 0.0005510381 0.0005510381        0    23121   115606
   44    37 0.0005510381 0.0005510381        0    23121   115606
   44    27 0.0022041522 0.0022041522        0    23121   115606
   44    14 0.0022041522 0.0022041522        0    23121   115606
   44    59 0.0022041522 0.0022041522        0    23121   115606
   44    42 0.0022041522 0.0022041522        0    23121   115606
   25    61 0.0108935986 0.0108935986        0    23121   115606
   25    55 0.0000423876 0.0000423876        0    23121   115606
   25    45 0.0000423876 0.0000423876        0    23121   115606
   25    44 0.0000423876 0.0000423876        0    23121   115606
   25    19 0.0018650519 0.0018650519        0    23121   115606
   25     9 0.0018650519 0.0018650519        0    23121   115606
   25     8 0.0018650519 0.0018650519        0    23121   115606
   25    97 0.0000423876 0.0000423876        0    23121   115606
   25    91 0.0000423876 0.0000423876        0    23121   115606
   25    81 0.0000423876 0.0000423876        0    23121   115606
   25    80 0.0000423876 0.0000423876        0    23121   115606
   19    55 0.0108512111 0.0108512111        0    23121   115606
    9    45 0.0108512111 0.0108512111        0    23121   115606
    8    44 0.0108512111 0.0108512111        0    23121   115606
   97    61 0.0108512111 0.0108512111        0    23121   115606
   97    25 0.0000423876 0.0000423876        0    23121   115606
   97    19 0.0000423876 0.0000423876        0    23121   115606
   97     9 0.0000423876 0.0000423876        0    23121   115606
   97     8 0.0000423876 0.0000423876        0    23121   115606
   97    91 0.0018226644 0.0018226644        0    23121   115606
   97    81 0.0018226644 0.0018226644        0    23121   115606
   97    80 0.0018226644 0.0018226644        0    23121   115606
   91    55 0.0108512111 0.0108512111        0    23121   115606
   81    45 0.0108512111 0.0108512111        0    23121   115606
   80    44 0.0108512111 0.0108512111        0    23121   115606
   63    64 0.0011020523 0.0011020523    23121    69363   115606
   63     7 0.0011020523 0.0011020523    23121    69363   115606
   63    56 0.0011020523 0.0011020523    23121    69363   115606
   63    46 0.0011020523 0.0011020523    23121    69363   115606
   63    28 0.0002755131 0.0002755131    23121    69363   115606
   63    87 0.0002755131 0.0002755131    23121    69363   115606
   63    68 0.0002755131 0.0002755131    23121    69363   115606
   63    10 0.0002755131 0.0002755131    23121    69363   115606
   50    28 0.0008265392 0.0008265392    23121    69363   115606
   50    87 0.0008265392 0.0008265392    23121    69363   115606
   50    68 0.0008265392 0.0008265392    23121    69363   115606
   50    10 0.0008265392 0.0008265392    23121    69363   115606
   50    70 0.0005510262 0.0005510262    23121    69363   115606
   50    88 0.0005510262 0.0005510262    23121    69363   115606
   50    20 0.0005510262 0.0005510262    23121    69363   115606
   50    40 0.0005510262 0.0005510262    23121    69363   115606
   58    70 0.0005510262 0.0005510262    23121    69363   115606
   58    88 0.0005510262 0.0005510262    23121    69363   115606
   58    20 0.0005510262 0.0005510262    23121    69363   115606
   58    40 0.0005510262 0.0005510262    23121    69363   115606
   58   100 0.0008265392 0.0008265392    23121    69363   115606
   58    53 0.0008265392 0.0008265392    23121    69363   115606
   58    93 0.0008265392 0.0008265392    23121    69363   115606
   58    82 0.0008265392 0.0008265392    23121    69363   115606
   43   100 0.0002755131 0.0002755131    23121    69363   115606
   43    53 0.0002755131 0.0002755131    23121    69363   115606
   43    93 0.0002755131 0.0002755131    23121    69363   115606
   43    82 0.0002755131 0.0002755131    23121    69363   115606
   43    65 0.0011020523 0.0011020523    23121    69363   115606
   43    16 0.0011020523 0.0011020523    23121    69363   115606
   43    92 0.0011020523 0.0011020523    23121    69363   115606
   43    47 0.0011020523 0.0011020523    23121    69363   115606
   62    63 0.0054254882 0.0054254882    23121    69363   115606
   51    50 0.0054254882 0.0054254882    23121    69363   115606
   57    58 0.0054254882 0.0054254882    23121    69363   115606
   49    43 0.0054254882 0.0054254882    23121    69363   115606
   99    63 0.0054254882 0.0054254882    23121    69363   115606
   86    50 0.0054254882 0.0054254882    23121    69363   115606
   94    58 0.0054254882 0.0054254882    23121    69363   115606
   52    43 0.0054254882 0.0054254882    23121    69363   115606
   69    63 0.0054254882 0.0054254882    23121    69363   115606
   38    50 0.0054254882 0.0054254882    23121    69363   115606
   22    58 0.0054254882 0.0054254882    23121    69363   115606
   37    43 0.0054254882 0.0054254882    23121    69363   115606
   27    63 0.0054254882 0.0054254882    23121    69363   115606
   14    50 0.0054254882 0.0054254882    23121    69363   115606
   59    58 0.0054254882 0.0054254882    23121    69363   115606
   42    43 0.0054254882 0.0054254882    23121    69363   115606
   28    64 0.0054254882 0.0054254882    69363   115605   115606
   87     7 0.0054254882 0.0054254882    69363   115605   115606
   68    56 0.0054254882 0.0054254882    69363   115605   115606
   10    46 0.0054254882 0.0054254882    69363   115605   115606
   70    64 0.0054254882 0.0054254882    69363   115605   115606
   88     7 0.0054254882 0.0054254882    69363   115605   115606
   20    56 0.0054254882 0.0054254882    69363   115605   115606
   40    46 0.0054254882 0.0054254882    69363   115605   115606
  100    64 0.0054254882 0.0054254882    69363   115605   115606
   53     7 0.0054254882 0.0054254882    69363   115605   115606
   93    56 0.0054254882 0.0054254882    69363   115605   115606
   82    46 0.0054254882 0.0054254882    69363   115605   115606
   65    64 0.0054254882 0.0054254882    69363   115605   115606
   16     7 0.0054254882 0.0054254882    69363   115605   115606
   92    56 0.0054254882 0.0054254882    69363   115605   115606
   47    46 0.0054254882 0.0054254882    69363   115605   115606
