   55    69 0.0018226644 0.0018226644        0    23121   115606
   55    51 0.0018226644 0.0018226644        0    23121   115606
   55    61 0.0018226644 0.0018226644        0    23121   115606
   55    19 0.0000423876 0.0000423876        0    23121   115606
   55    16 0.0000423876 0.0000423876        0    23121   115606
   55    15 0.0000423876 0.0000423876        0    23121   115606
   55    25 0.0000423876 0.0000423876        0    23121   115606
   55    44 0.0022041522 0.0022041522        0    23121   115606
   55    63 0.0022041522 0.0022041522        0    23121   115606
   55    57 0.0022041522 0.0022041522        0    23121   115606
   55    49 0.0022041522 0.0022041522        0    23121   115606
   55    50 0.0005510381 0.0005510381        0    23121   115606
   55    62 0.0005510381 0.0005510381        0    23121   115606
   55    58 0.0005510381 0.0005510381        0    23121   115606
   55    56 0.0005510381 0.0005510381        0    23121   115606
   69    50 0.0016531142 0.0016531142        0    23121   115606
   69    62 0.0016531142 0.0016531142        0    23121   115606
   69    58 0.0016531142 0.0016531142        0    23121   115606
   69    56 0.0016531142 0.0016531142        0    23121   115606
   69     8 0.0011020761 0.0011020761        0    23121   115606
   69    99 0.0011020761 0.0011020761        0    23121   115606
   69    93 0.0011020761 0.0011020761        0    23121   115606
   69    85 0.0011020761 0.0011020761        0    23121   115606
   51     8 0.0011020761 0.0011020761        0    23121   115606
   51    99 0.0011020761 0.0011020761        0    23121   115606
   51    93 0.0011020761 0.0011020761        0    23121   115606
   51    85 0.0011020761 0.0011020761        0    23121   115606
   51    38 0.0016531142 0.0016531142        0    23121   115606
   51    52 0.0016531142 0.0016531142        0    23121   115606
   51    21 0.0016531142 0.0016531142        0    23121   115606
   51    48 0.0016531142 0.0016531142        0    23121   115606
   61    38 0.0005510381 0.0005510381        0    23121   115606
   61    52 0.0005510381 0.0005510381        0    23121   115606
   61    21 0.0005510381 0.0005510381        0    23121   115606
   61    48 0.0005510381 0.0005510381        0    23121   115606
   61    42 0.0022041522 0.0022041522        0    23121   115606
   61    27 0.0022041522 0.0022041522        0    23121   115606
   61    92 0.0022041522 0.0022041522        0    23121   115606
   61    13 0.0022041522 0.0022041522        0    23121   115606
   19    55 0.0108935986 0.0108935986        0    23121   115606
   19    69 0.0000423876 0.0000423876        0    23121   115606
   19    51 0.0000423876 0.0000423876        0    23121   115606
   19    61 0.0000423876 0.0000423876        0    23121   115606
   19    16 0.0018650519 0.0018650519        0    23121   115606
   19    15 0.0018650519 0.0018650519        0    23121   115606
   19    25 0.0018650519 0.0018650519        0    23121   115606
   19    91 0.0000423876 0.0000423876        0    23121   115606
   19    88 0.0000423876 0.0000423876        0    23121   115606
   19    87 0.0000423876 0.0000423876        0    23121   115606
   19    97 0.0000423876 0.0000423876        0    23121   115606
   16    69 0.0108512111 0.0108512111        0    23121   115606
   15    51 0.0108512111 0.0108512111        0    23121   115606
   25    61 0.0108512111 0.0108512111        0    23121   115606
   91    55 0.0108512111 0.0108512111        0    23121   115606
   91    19 0.0000423876 0.0000423876        0    23121   115606
   91    16 0.0000423876 0.0000423876        0    23121   115606
   91    15 0.0000423876 0.0000423876        0    23121   115606
   91    25 0.0000423876 0.0000423876        0    23121   115606
   91    88 0.0018226644 0.0018226644        0    23121   115606
   91    87 0.0018226644 0.0018226644        0    23121   115606
   91    97 0.0018226644 0.0018226644        0    23121   115606
   88    69 0.0108512111 0.0108512111        0    23121   115606
   87    51 0.0108512111 0.0108512111        0    23121   115606
   97    61 0.0108512111 0.0108512111        0    23121   115606
   44    64 0.0011020523 0.0011020523    23121    69363   115606
   44    43 0.0011020523 0.0011020523    23121    69363   115606
   44    46 0.0011020523 0.0011020523    23121    69363   115606
   44    45 0.0011020523 0.0011020523    23121    69363   115606
   44    65 0.0002755131 0.0002755131    23121    69363   115606
   44     7 0.0002755131 0.0002755131    23121    69363   115606
   44    10 0.0002755131 0.0002755131    23121    69363   115606
   44    39 0.0002755131 0.0002755131    23121    69363   115606
   63    65 0.0008265392 0.0008265392    23121    69363   115606
   63     7 0.0008265392 0.0008265392    23121    69363   115606
   63    10 0.0008265392 0.0008265392    23121    69363   115606
   63    39 0.0008265392 0.0008265392    23121    69363   115606
   63    28 0.0005510262 0.0005510262    23121    69363   115606
   63    37 0.0005510262 0.0005510262    23121    69363   115606
   63    47 0.0005510262 0.0005510262    23121    69363   115606
   63    81 0.0005510262 0.0005510262    23121    69363   115606
   57    28 0.0005510262 0.0005510262    23121    69363   115606
   57    37 0.0005510262 0.0005510262    23121    69363   115606
   57    47 0.0005510262 0.0005510262    23121    69363   115606
   57    81 0.0005510262 0.0005510262    23121    69363   115606
   57   100 0.0008265392 0.0008265392    23121    69363   115606
   57     6 0.0008265392 0.0008265392    23121    69363   115606
   57    40 0.0008265392 0.0008265392    23121    69363   115606
   57     9 0.0008265392 0.0008265392    23121    69363   115606
   49   100 0.0002755131 0.0002755131    23121    69363   115606
   49     6 0.0002755131 0.0002755131    23121    69363   115606
   49    40 0.0002755131 0.0002755131    23121    69363   115606
   49     9 0.0002755131 0.0002755131    23121    69363   115606
   49    70 0.0011020523 0.0011020523    23121    69363   115606
   49    79 0.0011020523 0.0011020523    23121    69363   115606
   49    82 0.0011020523 0.0011020523    23121    69363   115606
   49    80 0.0011020523 0.0011020523    23121    69363   115606
   50    44 0.0054254882 0.0054254882    23121    69363   115606
   62    63 0.0054254882 0.0054254882    23121    69363   115606
   58    57 0.0054254882 0.0054254882    23121    69363   115606
   56    49 0.0054254882 0.0054254882    23121    69363   115606
    8    44 0.0054254882 0.0054254882    23121    69363   115606
   99    63 0.0054254882 0.0054254882    23121    69363   115606
   93    57 0.0054254882 0.0054254882    23121    69363   115606
   85    49 0.0054254882 0.0054254882    23121    69363   115606
   38    44 0.0054254882 0.0054254882    23121    69363   115606
   52    63 0.0054254882 0.0054254882    23121    69363   115606
   21    57 0.0054254882 0.0054254882    23121    69363   115606
   48    49 0.0054254882 0.0054254882    23121    69363   115606
   42    44 0.0054254882 0.0054254882    23121    69363   115606
   27    63 0.0054254882 0.0054254882    23121    69363   115606
   92    57 0.0054254882 0.0054254882    23121    69363   115606
   13    49 0.0054254882 0.0054254882    23121    69363   115606
   65    64 0.0054254882 0.0054254882    69363   115605   115606
    7    43 0.0054254882 0.0054254882    69363   115605   115606
   10    46 0.0054254882 0.0054254882    69363   115605   115606
   39    45 0.0054254882 0.0054254882    69363   115605   115606
   28    64 0.0054254882 0.0054254882    69363   115605   115606
   37    43 0.0054254882 0.0054254882    69363   115605   115606
   47    46 0.0054254882 0.0054254882    69363   115605   115606
   81    45 0.0054254882 0.0054254882    69363   115605   115606
  100    64 0.0054254882 0.0054254882    69363   115605   115606
    6    43 0.0054254882 0.0054254882    69363   115605   115606
   40    46 0.0054254882 0.0054254882    69363   115605   115606
    9    45 0.0054254882 0.0054254882    69363   115605   115606
   70    64 0.0054254882 0.0054254882    69363   115605   115606
   79    43 0.0054254882 0.0054254882    69363   115605   115606
   82    46 0.0054254882 0.0054254882    69363   115605   115606
   80    45 0.0054254882 0.0054254882    69363   115605   115606
