   59    63 0.0021871972 0.0021871972        0    23121   115606
   59    45 0.0021871972 0.0021871972        0    23121   115606
   59    43 0.0021871972 0.0021871972        0    23121   115606
   59    80 0.0000508651 0.0000508651        0    23121   115606
   59    99 0.0000508651 0.0000508651        0    23121   115606
   59    81 0.0000508651 0.0000508651        0    23121   115606
   59    79 0.0000508651 0.0000508651        0    23121   115606
   59    50 0.0026449827 0.0026449827        0    23121   115606
   59    55 0.0026449827 0.0026449827        0    23121   115606
   59    61 0.0026449827 0.0026449827        0    23121   115606
   59    51 0.0026449827 0.0026449827        0    23121   115606
   59    56 0.0006612457 0.0006612457        0    23121   115606
   59    57 0.0006612457 0.0006612457        0    23121   115606
   59    62 0.0006612457 0.0006612457        0    23121   115606
   59    52 0.0006612457 0.0006612457        0    23121   115606
   63    56 0.0019837370 0.0019837370        0    23121   115606
   63    57 0.0019837370 0.0019837370        0    23121   115606
   63    62 0.0019837370 0.0019837370        0    23121   115606
   63    52 0.0019837370 0.0019837370        0    23121   115606
   63    15 0.0013224913 0.0013224913        0    23121   115606
   63    54 0.0013224913 0.0013224913        0    23121   115606
   63    97 0.0013224913 0.0013224913        0    23121   115606
   63    93 0.0013224913 0.0013224913        0    23121   115606
   45    15 0.0013224913 0.0013224913        0    23121   115606
   45    54 0.0013224913 0.0013224913        0    23121   115606
   45    97 0.0013224913 0.0013224913        0    23121   115606
   45    93 0.0013224913 0.0013224913        0    23121   115606
   45    86 0.0019837370 0.0019837370        0    23121   115606
   45    91 0.0019837370 0.0019837370        0    23121   115606
   45    60 0.0019837370 0.0019837370        0    23121   115606
   45    39 0.0019837370 0.0019837370        0    23121   115606
   43    86 0.0006612457 0.0006612457        0    23121   115606
   43    91 0.0006612457 0.0006612457        0    23121   115606
   43    60 0.0006612457 0.0006612457        0    23121   115606
   43    39 0.0006612457 0.0006612457        0    23121   115606
   43    14 0.0026449827 0.0026449827        0    23121   115606
   43    19 0.0026449827 0.0026449827        0    23121   115606
   43    67 0.0026449827 0.0026449827        0    23121   115606
   43    87 0.0026449827 0.0026449827        0    23121   115606
   80    59 0.0130723183 0.0130723183        0    23121   115606
   80    63 0.0000508651 0.0000508651        0    23121   115606
   80    45 0.0000508651 0.0000508651        0    23121   115606
   80    43 0.0000508651 0.0000508651        0    23121   115606
   80    99 0.0022380623 0.0022380623        0    23121   115606
   80    81 0.0022380623 0.0022380623        0    23121   115606
   80    79 0.0022380623 0.0022380623        0    23121   115606
   80     8 0.0000508651 0.0000508651        0    23121   115606
   80    27 0.0000508651 0.0000508651        0    23121   115606
   80     9 0.0000508651 0.0000508651        0    23121   115606
   80     7 0.0000508651 0.0000508651        0    23121   115606
   99    63 0.0130214533 0.0130214533        0    23121   115606
   81    45 0.0130214533 0.0130214533        0    23121   115606
   79    43 0.0130214533 0.0130214533        0    23121   115606
    8    59 0.0130214533 0.0130214533        0    23121   115606
    8    80 0.0000508651 0.0000508651        0    23121   115606
    8    99 0.0000508651 0.0000508651        0    23121   115606
    8    81 0.0000508651 0.0000508651        0    23121   115606
    8    79 0.0000508651 0.0000508651        0    23121   115606
    8    27 0.0021871972 0.0021871972        0    23121   115606
    8     9 0.0021871972 0.0021871972        0    23121   115606
    8     7 0.0021871972 0.0021871972        0    23121   115606
   27    63 0.0130214533 0.0130214533        0    23121   115606
    9    45 0.0130214533 0.0130214533        0    23121   115606
    7    43 0.0130214533 0.0130214533        0    23121   115606
   50    64 0.0013224627 0.0013224627    23121    69363   115606
   50    58 0.0013224627 0.0013224627    23121    69363   115606
   50    46 0.0013224627 0.0013224627    23121    69363   115606
   50    49 0.0013224627 0.0013224627    23121    69363   115606
   50    28 0.0003306157 0.0003306157    23121    69363   115606
   50    22 0.0003306157 0.0003306157    23121    69363   115606
   50    47 0.0003306157 0.0003306157    23121    69363   115606
   50    85 0.0003306157 0.0003306157    23121    69363   115606
   55    28 0.0009918470 0.0009918470    23121    69363   115606
   55    22 0.0009918470 0.0009918470    23121    69363   115606
   55    47 0.0009918470 0.0009918470    23121    69363   115606
   55    85 0.0009918470 0.0009918470    23121    69363   115606
   55    65 0.0006612314 0.0006612314    23121    69363   115606
   55    21 0.0006612314 0.0006612314    23121    69363   115606
   55    40 0.0006612314 0.0006612314    23121    69363   115606
   55    13 0.0006612314 0.0006612314    23121    69363   115606
   61    65 0.0006612314 0.0006612314    23121    69363   115606
   61    21 0.0006612314 0.0006612314    23121    69363   115606
   61    40 0.0006612314 0.0006612314    23121    69363   115606
   61    13 0.0006612314 0.0006612314    23121    69363   115606
   61    70 0.0009918470 0.0009918470    23121    69363   115606
   61    44 0.0009918470 0.0009918470    23121    69363   115606
   61    82 0.0009918470 0.0009918470    23121    69363   115606
   61    48 0.0009918470 0.0009918470    23121    69363   115606
   51    70 0.0003306157 0.0003306157    23121    69363   115606
   51    44 0.0003306157 0.0003306157    23121    69363   115606
   51    82 0.0003306157 0.0003306157    23121    69363   115606
   51    48 0.0003306157 0.0003306157    23121    69363   115606
   51   100 0.0013224627 0.0013224627    23121    69363   115606
   51    94 0.0013224627 0.0013224627    23121    69363   115606
   51    10 0.0013224627 0.0013224627    23121    69363   115606
   51    84 0.0013224627 0.0013224627    23121    69363   115606
   56    50 0.0065105858 0.0065105858    23121    69363   115606
   57    55 0.0065105858 0.0065105858    23121    69363   115606
   62    61 0.0065105858 0.0065105858    23121    69363   115606
   52    51 0.0065105858 0.0065105858    23121    69363   115606
   15    50 0.0065105858 0.0065105858    23121    69363   115606
   54    55 0.0065105858 0.0065105858    23121    69363   115606
   97    61 0.0065105858 0.0065105858    23121    69363   115606
   93    51 0.0065105858 0.0065105858    23121    69363   115606
   86    50 0.0065105858 0.0065105858    23121    69363   115606
   91    55 0.0065105858 0.0065105858    23121    69363   115606
   60    61 0.0065105858 0.0065105858    23121    69363   115606
   39    51 0.0065105858 0.0065105858    23121    69363   115606
   14    50 0.0065105858 0.0065105858    23121    69363   115606
   19    55 0.0065105858 0.0065105858    23121    69363   115606
   67    61 0.0065105858 0.0065105858    23121    69363   115606
   87    51 0.0065105858 0.0065105858    23121    69363   115606
   28    64 0.0065105858 0.0065105858    69363   115605   115606
   22    58 0.0065105858 0.0065105858    69363   115605   115606
   47    46 0.0065105858 0.0065105858    69363   115605   115606
   85    49 0.0065105858 0.0065105858    69363   115605   115606
   65    64 0.0065105858 0.0065105858    69363   115605   115606
   21    58 0.0065105858 0.0065105858    69363   115605   115606
   40    46 0.0065105858 0.0065105858    69363   115605   115606
   13    49 0.0065105858 0.0065105858    69363   115605   115606
   70    64 0.0065105858 0.0065105858    69363   115605   115606
   44    58 0.0065105858 0.0065105858    69363   115605   115606
   82    46 0.0065105858 0.0065105858    69363   115605   115606
   48    49 0.0065105858 0.0065105858    69363   115605   115606
  100    64 0.0065105858 0.0065105858    69363   115605   115606
   94    58 0.0065105858 0.0065105858    69363   115605   115606
   10    46 0.0065105858 0.0065105858    69363   115605   115606
   84    49 0.0065105858 0.0065105858    69363   115605   115606
