   39    61 0.0011391652 0.0011391652        0    23121   115606
   39    52 0.0011391652 0.0011391652        0    23121   115606
   39    64 0.0011391652 0.0011391652        0    23121   115606
   39    26 0.0000264922 0.0000264922        0    23121   115606
   39    25 0.0000264922 0.0000264922        0    23121   115606
   39    16 0.0000264922 0.0000264922        0    23121   115606
   39    28 0.0000264922 0.0000264922        0    23121   115606
   39    51 0.0013775951 0.0013775951        0    23121   115606
   39    57 0.0013775951 0.0013775951        0    23121   115606
   39    56 0.0013775951 0.0013775951        0    23121   115606
   39    45 0.0013775951 0.0013775951        0    23121   115606
   39    63 0.0003443988 0.0003443988        0    23121   115606
   39    58 0.0003443988 0.0003443988        0    23121   115606
   39    55 0.0003443988 0.0003443988        0    23121   115606
   39    50 0.0003443988 0.0003443988        0    23121   115606
   61    63 0.0010331964 0.0010331964        0    23121   115606
   61    58 0.0010331964 0.0010331964        0    23121   115606
   61    55 0.0010331964 0.0010331964        0    23121   115606
   61    50 0.0010331964 0.0010331964        0    23121   115606
   61    86 0.0006887976 0.0006887976        0    23121   115606
   61    21 0.0006887976 0.0006887976        0    23121   115606
   61    92 0.0006887976 0.0006887976        0    23121   115606
   61     9 0.0006887976 0.0006887976        0    23121   115606
   52    86 0.0006887976 0.0006887976        0    23121   115606
   52    21 0.0006887976 0.0006887976        0    23121   115606
   52    92 0.0006887976 0.0006887976        0    23121   115606
   52     9 0.0006887976 0.0006887976        0    23121   115606
   52    15 0.0010331964 0.0010331964        0    23121   115606
   52    22 0.0010331964 0.0010331964        0    23121   115606
   52    20 0.0010331964 0.0010331964        0    23121   115606
   52    62 0.0010331964 0.0010331964        0    23121   115606
   64    15 0.0003443988 0.0003443988        0    23121   115606
   64    22 0.0003443988 0.0003443988        0    23121   115606
   64    20 0.0003443988 0.0003443988        0    23121   115606
   64    62 0.0003443988 0.0003443988        0    23121   115606
   64    87 0.0013775951 0.0013775951        0    23121   115606
   64    93 0.0013775951 0.0013775951        0    23121   115606
   64    68 0.0013775951 0.0013775951        0    23121   115606
   64    81 0.0013775951 0.0013775951        0    23121   115606
   26    39 0.0068084991 0.0068084991        0    23121   115606
   26    61 0.0000264922 0.0000264922        0    23121   115606
   26    52 0.0000264922 0.0000264922        0    23121   115606
   26    64 0.0000264922 0.0000264922        0    23121   115606
   26    25 0.0011656575 0.0011656575        0    23121   115606
   26    16 0.0011656575 0.0011656575        0    23121   115606
   26    28 0.0011656575 0.0011656575        0    23121   115606
   26    98 0.0000264922 0.0000264922        0    23121   115606
   26    97 0.0000264922 0.0000264922        0    23121   115606
   26    88 0.0000264922 0.0000264922        0    23121   115606
   26   100 0.0000264922 0.0000264922        0    23121   115606
   25    61 0.0067820069 0.0067820069        0    23121   115606
   16    52 0.0067820069 0.0067820069        0    23121   115606
   28    64 0.0067820069 0.0067820069        0    23121   115606
   98    39 0.0067820069 0.0067820069        0    23121   115606
   98    26 0.0000264922 0.0000264922        0    23121   115606
   98    25 0.0000264922 0.0000264922        0    23121   115606
   98    16 0.0000264922 0.0000264922        0    23121   115606
   98    28 0.0000264922 0.0000264922        0    23121   115606
   98    97 0.0011391652 0.0011391652        0    23121   115606
   98    88 0.0011391652 0.0011391652        0    23121   115606
   98   100 0.0011391652 0.0011391652        0    23121   115606
   97    61 0.0067820069 0.0067820069        0    23121   115606
   88    52 0.0067820069 0.0067820069        0    23121   115606
  100    64 0.0067820069 0.0067820069        0    23121   115606
   51    44 0.0006887827 0.0006887827    23121    69363   115606
   51    46 0.0006887827 0.0006887827    23121    69363   115606
   51    49 0.0006887827 0.0006887827    23121    69363   115606
   51    43 0.0006887827 0.0006887827    23121    69363   115606
   51    80 0.0001721957 0.0001721957    23121    69363   115606
   51    82 0.0001721957 0.0001721957    23121    69363   115606
   51    48 0.0001721957 0.0001721957    23121    69363   115606
   51    79 0.0001721957 0.0001721957    23121    69363   115606
   57    80 0.0005165870 0.0005165870    23121    69363   115606
   57    82 0.0005165870 0.0005165870    23121    69363   115606
   57    48 0.0005165870 0.0005165870    23121    69363   115606
   57    79 0.0005165870 0.0005165870    23121    69363   115606
   57    14 0.0003443914 0.0003443914    23121    69363   115606
   57    10 0.0003443914 0.0003443914    23121    69363   115606
   57    54 0.0003443914 0.0003443914    23121    69363   115606
   57    37 0.0003443914 0.0003443914    23121    69363   115606
   56    14 0.0003443914 0.0003443914    23121    69363   115606
   56    10 0.0003443914 0.0003443914    23121    69363   115606
   56    54 0.0003443914 0.0003443914    23121    69363   115606
   56    37 0.0003443914 0.0003443914    23121    69363   115606
   56    38 0.0005165870 0.0005165870    23121    69363   115606
   56    40 0.0005165870 0.0005165870    23121    69363   115606
   56    85 0.0005165870 0.0005165870    23121    69363   115606
   56     7 0.0005165870 0.0005165870    23121    69363   115606
   45    38 0.0001721957 0.0001721957    23121    69363   115606
   45    40 0.0001721957 0.0001721957    23121    69363   115606
   45    85 0.0001721957 0.0001721957    23121    69363   115606
   45     7 0.0001721957 0.0001721957    23121    69363   115606
   45     8 0.0006887827 0.0006887827    23121    69363   115606
   45    47 0.0006887827 0.0006887827    23121    69363   115606
   45    13 0.0006887827 0.0006887827    23121    69363   115606
   45    42 0.0006887827 0.0006887827    23121    69363   115606
   63    51 0.0033909301 0.0033909301    23121    69363   115606
   58    57 0.0033909301 0.0033909301    23121    69363   115606
   55    56 0.0033909301 0.0033909301    23121    69363   115606
   50    45 0.0033909301 0.0033909301    23121    69363   115606
   86    51 0.0033909301 0.0033909301    23121    69363   115606
   21    57 0.0033909301 0.0033909301    23121    69363   115606
   92    56 0.0033909301 0.0033909301    23121    69363   115606
    9    45 0.0033909301 0.0033909301    23121    69363   115606
   15    51 0.0033909301 0.0033909301    23121    69363   115606
   22    57 0.0033909301 0.0033909301    23121    69363   115606
   20    56 0.0033909301 0.0033909301    23121    69363   115606
   62    45 0.0033909301 0.0033909301    23121    69363   115606
   87    51 0.0033909301 0.0033909301    23121    69363   115606
   93    57 0.0033909301 0.0033909301    23121    69363   115606
   68    56 0.0033909301 0.0033909301    23121    69363   115606
   81    45 0.0033909301 0.0033909301    23121    69363   115606
   80    44 0.0033909301 0.0033909301    69363   115605   115606
   82    46 0.0033909301 0.0033909301    69363   115605   115606
   48    49 0.0033909301 0.0033909301    69363   115605   115606
   79    43 0.0033909301 0.0033909301    69363   115605   115606
   14    44 0.0033909301 0.0033909301    69363   115605   115606
   10    46 0.0033909301 0.0033909301    69363   115605   115606
   54    49 0.0033909301 0.0033909301    69363   115605   115606
   37    43 0.0033909301 0.0033909301    69363   115605   115606
   38    44 0.0033909301 0.0033909301    69363   115605   115606
   40    46 0.0033909301 0.0033909301    69363   115605   115606
   85    49 0.0033909301 0.0033909301    69363   115605   115606
    7    43 0.0033909301 0.0033909301    69363   115605   115606
    8    44 0.0033909301 0.0033909301    69363   115605   115606
   47    46 0.0033909301 0.0033909301    69363   115605   115606
   13    49 0.0033909301 0.0033909301    69363   115605   115606
   42    43 0.0033909301 0.0033909301    69363   115605   115606
