   44    56 0.0006834991 0.0006834991        0    23121   115606
   44    57 0.0006834991 0.0006834991        0    23121   115606
   44    58 0.0006834991 0.0006834991        0    23121   115606
   44    26 0.0000158953 0.0000158953        0    23121   115606
   44    20 0.0000158953 0.0000158953        0    23121   115606
   44    21 0.0000158953 0.0000158953        0    23121   115606
   44    22 0.0000158953 0.0000158953        0    23121   115606
   44    55 0.0008265571 0.0008265571        0    23121   115606
   44    63 0.0008265571 0.0008265571        0    23121   115606
   44    51 0.0008265571 0.0008265571        0    23121   115606
   44    43 0.0008265571 0.0008265571        0    23121   115606
   44    49 0.0002066393 0.0002066393        0    23121   115606
   44    64 0.0002066393 0.0002066393        0    23121   115606
   44    50 0.0002066393 0.0002066393        0    23121   115606
   44    45 0.0002066393 0.0002066393        0    23121   115606
   56    49 0.0006199178 0.0006199178        0    23121   115606
   56    64 0.0006199178 0.0006199178        0    23121   115606
   56    50 0.0006199178 0.0006199178        0    23121   115606
   56    45 0.0006199178 0.0006199178        0    23121   115606
   56    19 0.0004132785 0.0004132785        0    23121   115606
   56    69 0.0004132785 0.0004132785        0    23121   115606
   56    15 0.0004132785 0.0004132785        0    23121   115606
   56    37 0.0004132785 0.0004132785        0    23121   115606
   57    19 0.0004132785 0.0004132785        0    23121   115606
   57    69 0.0004132785 0.0004132785        0    23121   115606
   57    15 0.0004132785 0.0004132785        0    23121   115606
   57    37 0.0004132785 0.0004132785        0    23121   115606
   57    91 0.0006199178 0.0006199178        0    23121   115606
   57    27 0.0006199178 0.0006199178        0    23121   115606
   57    93 0.0006199178 0.0006199178        0    23121   115606
   57     7 0.0006199178 0.0006199178        0    23121   115606
   58    91 0.0002066393 0.0002066393        0    23121   115606
   58    27 0.0002066393 0.0002066393        0    23121   115606
   58    93 0.0002066393 0.0002066393        0    23121   115606
   58     7 0.0002066393 0.0002066393        0    23121   115606
   58    54 0.0008265571 0.0008265571        0    23121   115606
   58    99 0.0008265571 0.0008265571        0    23121   115606
   58    87 0.0008265571 0.0008265571        0    23121   115606
   58    79 0.0008265571 0.0008265571        0    23121   115606
   26    44 0.0040850995 0.0040850995        0    23121   115606
   26    56 0.0000158953 0.0000158953        0    23121   115606
   26    57 0.0000158953 0.0000158953        0    23121   115606
   26    58 0.0000158953 0.0000158953        0    23121   115606
   26    20 0.0006993945 0.0006993945        0    23121   115606
   26    21 0.0006993945 0.0006993945        0    23121   115606
   26    22 0.0006993945 0.0006993945        0    23121   115606
   26    98 0.0000158953 0.0000158953        0    23121   115606
   26    68 0.0000158953 0.0000158953        0    23121   115606
   26    92 0.0000158953 0.0000158953        0    23121   115606
   26    94 0.0000158953 0.0000158953        0    23121   115606
   20    56 0.0040692042 0.0040692042        0    23121   115606
   21    57 0.0040692042 0.0040692042        0    23121   115606
   22    58 0.0040692042 0.0040692042        0    23121   115606
   98    44 0.0040692042 0.0040692042        0    23121   115606
   98    26 0.0000158953 0.0000158953        0    23121   115606
   98    20 0.0000158953 0.0000158953        0    23121   115606
   98    21 0.0000158953 0.0000158953        0    23121   115606
   98    22 0.0000158953 0.0000158953        0    23121   115606
   98    68 0.0006834991 0.0006834991        0    23121   115606
   98    92 0.0006834991 0.0006834991        0    23121   115606
   98    94 0.0006834991 0.0006834991        0    23121   115606
   68    56 0.0040692042 0.0040692042        0    23121   115606
   92    57 0.0040692042 0.0040692042        0    23121   115606
   94    58 0.0040692042 0.0040692042        0    23121   115606
   55    46 0.0004132696 0.0004132696    23121    69363   115606
   55    61 0.0004132696 0.0004132696    23121    69363   115606
   55    52 0.0004132696 0.0004132696    23121    69363   115606
   55    62 0.0004132696 0.0004132696    23121    69363   115606
   55    40 0.0001033174 0.0001033174    23121    69363   115606
   55    97 0.0001033174 0.0001033174    23121    69363   115606
   55    59 0.0001033174 0.0001033174    23121    69363   115606
   55    39 0.0001033174 0.0001033174    23121    69363   115606
   63    40 0.0003099522 0.0003099522    23121    69363   115606
   63    97 0.0003099522 0.0003099522    23121    69363   115606
   63    59 0.0003099522 0.0003099522    23121    69363   115606
   63    39 0.0003099522 0.0003099522    23121    69363   115606
   63    82 0.0002066348 0.0002066348    23121    69363   115606
   63    60 0.0002066348 0.0002066348    23121    69363   115606
   63    16 0.0002066348 0.0002066348    23121    69363   115606
   63     9 0.0002066348 0.0002066348    23121    69363   115606
   51    82 0.0002066348 0.0002066348    23121    69363   115606
   51    60 0.0002066348 0.0002066348    23121    69363   115606
   51    16 0.0002066348 0.0002066348    23121    69363   115606
   51     9 0.0002066348 0.0002066348    23121    69363   115606
   51    10 0.0003099522 0.0003099522    23121    69363   115606
   51    67 0.0003099522 0.0003099522    23121    69363   115606
   51    53 0.0003099522 0.0003099522    23121    69363   115606
   51    81 0.0003099522 0.0003099522    23121    69363   115606
   43    10 0.0001033174 0.0001033174    23121    69363   115606
   43    67 0.0001033174 0.0001033174    23121    69363   115606
   43    53 0.0001033174 0.0001033174    23121    69363   115606
   43    81 0.0001033174 0.0001033174    23121    69363   115606
   43    47 0.0004132696 0.0004132696    23121    69363   115606
   43    25 0.0004132696 0.0004132696    23121    69363   115606
   43    88 0.0004132696 0.0004132696    23121    69363   115606
   43     8 0.0004132696 0.0004132696    23121    69363   115606
   49    55 0.0020345581 0.0020345581    23121    69363   115606
   64    63 0.0020345581 0.0020345581    23121    69363   115606
   50    51 0.0020345581 0.0020345581    23121    69363   115606
   45    43 0.0020345581 0.0020345581    23121    69363   115606
   19    55 0.0020345581 0.0020345581    23121    69363   115606
   69    63 0.0020345581 0.0020345581    23121    69363   115606
   15    51 0.0020345581 0.0020345581    23121    69363   115606
   37    43 0.0020345581 0.0020345581    23121    69363   115606
   91    55 0.0020345581 0.0020345581    23121    69363   115606
   27    63 0.0020345581 0.0020345581    23121    69363   115606
   93    51 0.0020345581 0.0020345581    23121    69363   115606
    7    43 0.0020345581 0.0020345581    23121    69363   115606
   54    55 0.0020345581 0.0020345581    23121    69363   115606
   99    63 0.0020345581 0.0020345581    23121    69363   115606
   87    51 0.0020345581 0.0020345581    23121    69363   115606
   79    43 0.0020345581 0.0020345581    23121    69363   115606
   40    46 0.0020345581 0.0020345581    69363   115605   115606
   97    61 0.0020345581 0.0020345581    69363   115605   115606
   59    52 0.0020345581 0.0020345581    69363   115605   115606
   39    62 0.0020345581 0.0020345581    69363   115605   115606
   82    46 0.0020345581 0.0020345581    69363   115605   115606
   60    61 0.0020345581 0.0020345581    69363   115605   115606
   16    52 0.0020345581 0.0020345581    69363   115605   115606
    9    62 0.0020345581 0.0020345581    69363   115605   115606
   10    46 0.0020345581 0.0020345581    69363   115605   115606
   67    61 0.0020345581 0.0020345581    69363   115605   115606
   53    52 0.0020345581 0.0020345581    69363   115605   115606
   81    62 0.0020345581 0.0020345581    69363   115605   115606
   47    46 0.0020345581 0.0020345581    69363   115605   115606
   25    61 0.0020345581 0.0020345581    69363   115605   115606
   88    52 0.0020345581 0.0020345581    69363   115605   115606
    8    62 0.0020345581 0.0020345581    69363   115605   115606
