   44    45 0.0006834991 0.0006834991        0    23121   115606
   44    55 0.0006834991 0.0006834991        0    23121   115606
   44    37 0.0006834991 0.0006834991        0    23121   115606
   44    38 0.0000158953 0.0000158953        0    23121   115606
   44    39 0.0000158953 0.0000158953        0    23121   115606
   44    54 0.0000158953 0.0000158953        0    23121   115606
   44    97 0.0000158953 0.0000158953        0    23121   115606
   44    56 0.0008265571 0.0008265571        0    23121   115606
   44    52 0.0008265571 0.0008265571        0    23121   115606
   44    57 0.0008265571 0.0008265571        0    23121   115606
   44    43 0.0008265571 0.0008265571        0    23121   115606
   44    62 0.0002066393 0.0002066393        0    23121   115606
   44    51 0.0002066393 0.0002066393        0    23121   115606
   44    58 0.0002066393 0.0002066393        0    23121   115606
   44    49 0.0002066393 0.0002066393        0    23121   115606
   45    62 0.0006199178 0.0006199178        0    23121   115606
   45    51 0.0006199178 0.0006199178        0    23121   115606
   45    58 0.0006199178 0.0006199178        0    23121   115606
   45    49 0.0006199178 0.0006199178        0    23121   115606
   45    20 0.0004132785 0.0004132785        0    23121   115606
   45    88 0.0004132785 0.0004132785        0    23121   115606
   45    21 0.0004132785 0.0004132785        0    23121   115606
   45    42 0.0004132785 0.0004132785        0    23121   115606
   55    20 0.0004132785 0.0004132785        0    23121   115606
   55    88 0.0004132785 0.0004132785        0    23121   115606
   55    21 0.0004132785 0.0004132785        0    23121   115606
   55    42 0.0004132785 0.0004132785        0    23121   115606
   55    92 0.0006199178 0.0006199178        0    23121   115606
   55    16 0.0006199178 0.0006199178        0    23121   115606
   55    93 0.0006199178 0.0006199178        0    23121   115606
   55    79 0.0006199178 0.0006199178        0    23121   115606
   37    92 0.0002066393 0.0002066393        0    23121   115606
   37    16 0.0002066393 0.0002066393        0    23121   115606
   37    93 0.0002066393 0.0002066393        0    23121   115606
   37    79 0.0002066393 0.0002066393        0    23121   115606
   37    68 0.0008265571 0.0008265571        0    23121   115606
   37    53 0.0008265571 0.0008265571        0    23121   115606
   37    59 0.0008265571 0.0008265571        0    23121   115606
   37    61 0.0008265571 0.0008265571        0    23121   115606
   38    44 0.0040850995 0.0040850995        0    23121   115606
   38    45 0.0000158953 0.0000158953        0    23121   115606
   38    55 0.0000158953 0.0000158953        0    23121   115606
   38    37 0.0000158953 0.0000158953        0    23121   115606
   38    39 0.0006993945 0.0006993945        0    23121   115606
   38    54 0.0006993945 0.0006993945        0    23121   115606
   38    97 0.0006993945 0.0006993945        0    23121   115606
   38     8 0.0000158953 0.0000158953        0    23121   115606
   38     9 0.0000158953 0.0000158953        0    23121   115606
   38    19 0.0000158953 0.0000158953        0    23121   115606
   38    25 0.0000158953 0.0000158953        0    23121   115606
   39    45 0.0040692042 0.0040692042        0    23121   115606
   54    55 0.0040692042 0.0040692042        0    23121   115606
   97    37 0.0040692042 0.0040692042        0    23121   115606
    8    44 0.0040692042 0.0040692042        0    23121   115606
    8    38 0.0000158953 0.0000158953        0    23121   115606
    8    39 0.0000158953 0.0000158953        0    23121   115606
    8    54 0.0000158953 0.0000158953        0    23121   115606
    8    97 0.0000158953 0.0000158953        0    23121   115606
    8     9 0.0006834991 0.0006834991        0    23121   115606
    8    19 0.0006834991 0.0006834991        0    23121   115606
    8    25 0.0006834991 0.0006834991        0    23121   115606
    9    45 0.0040692042 0.0040692042        0    23121   115606
   19    55 0.0040692042 0.0040692042        0    23121   115606
   25    37 0.0040692042 0.0040692042        0    23121   115606
   56    63 0.0004132696 0.0004132696    23121    69363   115606
   56    64 0.0004132696 0.0004132696    23121    69363   115606
   56    46 0.0004132696 0.0004132696    23121    69363   115606
   56    50 0.0004132696 0.0004132696    23121    69363   115606
   56    27 0.0001033174 0.0001033174    23121    69363   115606
   56    65 0.0001033174 0.0001033174    23121    69363   115606
   56    10 0.0001033174 0.0001033174    23121    69363   115606
   56    14 0.0001033174 0.0001033174    23121    69363   115606
   52    27 0.0003099522 0.0003099522    23121    69363   115606
   52    65 0.0003099522 0.0003099522    23121    69363   115606
   52    10 0.0003099522 0.0003099522    23121    69363   115606
   52    14 0.0003099522 0.0003099522    23121    69363   115606
   52    99 0.0002066348 0.0002066348    23121    69363   115606
   52   100 0.0002066348 0.0002066348    23121    69363   115606
   52    47 0.0002066348 0.0002066348    23121    69363   115606
   52    87 0.0002066348 0.0002066348    23121    69363   115606
   57    99 0.0002066348 0.0002066348    23121    69363   115606
   57   100 0.0002066348 0.0002066348    23121    69363   115606
   57    47 0.0002066348 0.0002066348    23121    69363   115606
   57    87 0.0002066348 0.0002066348    23121    69363   115606
   57    69 0.0003099522 0.0003099522    23121    69363   115606
   57    28 0.0003099522 0.0003099522    23121    69363   115606
   57    40 0.0003099522 0.0003099522    23121    69363   115606
   57    15 0.0003099522 0.0003099522    23121    69363   115606
   43    69 0.0001033174 0.0001033174    23121    69363   115606
   43    28 0.0001033174 0.0001033174    23121    69363   115606
   43    40 0.0001033174 0.0001033174    23121    69363   115606
   43    15 0.0001033174 0.0001033174    23121    69363   115606
   43    98 0.0004132696 0.0004132696    23121    69363   115606
   43    70 0.0004132696 0.0004132696    23121    69363   115606
   43    82 0.0004132696 0.0004132696    23121    69363   115606
   43    86 0.0004132696 0.0004132696    23121    69363   115606
   62    56 0.0020345581 0.0020345581    23121    69363   115606
   51    52 0.0020345581 0.0020345581    23121    69363   115606
   58    57 0.0020345581 0.0020345581    23121    69363   115606
   49    43 0.0020345581 0.0020345581    23121    69363   115606
   20    56 0.0020345581 0.0020345581    23121    69363   115606
   88    52 0.0020345581 0.0020345581    23121    69363   115606
   21    57 0.0020345581 0.0020345581    23121    69363   115606
   42    43 0.0020345581 0.0020345581    23121    69363   115606
   92    56 0.0020345581 0.0020345581    23121    69363   115606
   16    52 0.0020345581 0.0020345581    23121    69363   115606
   93    57 0.0020345581 0.0020345581    23121    69363   115606
   79    43 0.0020345581 0.0020345581    23121    69363   115606
   68    56 0.0020345581 0.0020345581    23121    69363   115606
   53    52 0.0020345581 0.0020345581    23121    69363   115606
   59    57 0.0020345581 0.0020345581    23121    69363   115606
   61    43 0.0020345581 0.0020345581    23121    69363   115606
   27    63 0.0020345581 0.0020345581    69363   115605   115606
   65    64 0.0020345581 0.0020345581    69363   115605   115606
   10    46 0.0020345581 0.0020345581    69363   115605   115606
   14    50 0.0020345581 0.0020345581    69363   115605   115606
   99    63 0.0020345581 0.0020345581    69363   115605   115606
  100    64 0.0020345581 0.0020345581    69363   115605   115606
   47    46 0.0020345581 0.0020345581    69363   115605   115606
   87    50 0.0020345581 0.0020345581    69363   115605   115606
   69    63 0.0020345581 0.0020345581    69363   115605   115606
   28    64 0.0020345581 0.0020345581    69363   115605   115606
   40    46 0.0020345581 0.0020345581    69363   115605   115606
   15    50 0.0020345581 0.0020345581    69363   115605   115606
   98    63 0.0020345581 0.0020345581    69363   115605   115606
   70    64 0.0020345581 0.0020345581    69363   115605   115606
   82    46 0.0020345581 0.0020345581    69363   115605   115606
   86    50 0.0020345581 0.0020345581    69363   115605   115606
