   56    44 0.0011391652 0.0011391652        0    23121   115606
   56    64 0.0011391652 0.0011391652        0    23121   115606
   56    62 0.0011391652 0.0011391652        0    23121   115606
   56    92 0.0000264922 0.0000264922        0    23121   115606
   56    80 0.0000264922 0.0000264922        0    23121   115606
   56   100 0.0000264922 0.0000264922        0    23121   115606
   56    98 0.0000264922 0.0000264922        0    23121   115606
   56    63 0.0013775951 0.0013775951        0    23121   115606
   56    58 0.0013775951 0.0013775951        0    23121   115606
   56    55 0.0013775951 0.0013775951        0    23121   115606
   56    49 0.0013775951 0.0013775951        0    23121   115606
   56    57 0.0003443988 0.0003443988        0    23121   115606
   56    46 0.0003443988 0.0003443988        0    23121   115606
   56    61 0.0003443988 0.0003443988        0    23121   115606
   56    50 0.0003443988 0.0003443988        0    23121   115606
   44    57 0.0010331964 0.0010331964        0    23121   115606
   44    46 0.0010331964 0.0010331964        0    23121   115606
   44    61 0.0010331964 0.0010331964        0    23121   115606
   44    50 0.0010331964 0.0010331964        0    23121   115606
   44    69 0.0006887976 0.0006887976        0    23121   115606
   44    59 0.0006887976 0.0006887976        0    23121   115606
   44    54 0.0006887976 0.0006887976        0    23121   115606
   44    48 0.0006887976 0.0006887976        0    23121   115606
   64    69 0.0006887976 0.0006887976        0    23121   115606
   64    59 0.0006887976 0.0006887976        0    23121   115606
   64    54 0.0006887976 0.0006887976        0    23121   115606
   64    48 0.0006887976 0.0006887976        0    23121   115606
   64    27 0.0010331964 0.0010331964        0    23121   115606
   64    65 0.0010331964 0.0010331964        0    23121   115606
   64    91 0.0010331964 0.0010331964        0    23121   115606
   64    85 0.0010331964 0.0010331964        0    23121   115606
   62    27 0.0003443988 0.0003443988        0    23121   115606
   62    65 0.0003443988 0.0003443988        0    23121   115606
   62    91 0.0003443988 0.0003443988        0    23121   115606
   62    85 0.0003443988 0.0003443988        0    23121   115606
   62    99 0.0013775951 0.0013775951        0    23121   115606
   62    22 0.0013775951 0.0013775951        0    23121   115606
   62    19 0.0013775951 0.0013775951        0    23121   115606
   62    13 0.0013775951 0.0013775951        0    23121   115606
   92    56 0.0068084991 0.0068084991        0    23121   115606
   92    44 0.0000264922 0.0000264922        0    23121   115606
   92    64 0.0000264922 0.0000264922        0    23121   115606
   92    62 0.0000264922 0.0000264922        0    23121   115606
   92    80 0.0011656575 0.0011656575        0    23121   115606
   92   100 0.0011656575 0.0011656575        0    23121   115606
   92    98 0.0011656575 0.0011656575        0    23121   115606
   92    20 0.0000264922 0.0000264922        0    23121   115606
   92     8 0.0000264922 0.0000264922        0    23121   115606
   92    28 0.0000264922 0.0000264922        0    23121   115606
   92    26 0.0000264922 0.0000264922        0    23121   115606
   80    44 0.0067820069 0.0067820069        0    23121   115606
  100    64 0.0067820069 0.0067820069        0    23121   115606
   98    62 0.0067820069 0.0067820069        0    23121   115606
   20    56 0.0067820069 0.0067820069        0    23121   115606
   20    92 0.0000264922 0.0000264922        0    23121   115606
   20    80 0.0000264922 0.0000264922        0    23121   115606
   20   100 0.0000264922 0.0000264922        0    23121   115606
   20    98 0.0000264922 0.0000264922        0    23121   115606
   20     8 0.0011391652 0.0011391652        0    23121   115606
   20    28 0.0011391652 0.0011391652        0    23121   115606
   20    26 0.0011391652 0.0011391652        0    23121   115606
    8    44 0.0067820069 0.0067820069        0    23121   115606
   28    64 0.0067820069 0.0067820069        0    23121   115606
   26    62 0.0067820069 0.0067820069        0    23121   115606
   63    45 0.0006887827 0.0006887827    23121    69363   115606
   63    51 0.0006887827 0.0006887827    23121    69363   115606
   63    42 0.0006887827 0.0006887827    23121    69363   115606
   63    43 0.0006887827 0.0006887827    23121    69363   115606
   63     9 0.0001721957 0.0001721957    23121    69363   115606
   63    15 0.0001721957 0.0001721957    23121    69363   115606
   63    16 0.0001721957 0.0001721957    23121    69363   115606
   63    79 0.0001721957 0.0001721957    23121    69363   115606
   58     9 0.0005165870 0.0005165870    23121    69363   115606
   58    15 0.0005165870 0.0005165870    23121    69363   115606
   58    16 0.0005165870 0.0005165870    23121    69363   115606
   58    79 0.0005165870 0.0005165870    23121    69363   115606
   58    39 0.0003443914 0.0003443914    23121    69363   115606
   58    93 0.0003443914 0.0003443914    23121    69363   115606
   58    94 0.0003443914 0.0003443914    23121    69363   115606
   58     7 0.0003443914 0.0003443914    23121    69363   115606
   55    39 0.0003443914 0.0003443914    23121    69363   115606
   55    93 0.0003443914 0.0003443914    23121    69363   115606
   55    94 0.0003443914 0.0003443914    23121    69363   115606
   55     7 0.0003443914 0.0003443914    23121    69363   115606
   55    38 0.0005165870 0.0005165870    23121    69363   115606
   55    87 0.0005165870 0.0005165870    23121    69363   115606
   55    88 0.0005165870 0.0005165870    23121    69363   115606
   55    37 0.0005165870 0.0005165870    23121    69363   115606
   49    38 0.0001721957 0.0001721957    23121    69363   115606
   49    87 0.0001721957 0.0001721957    23121    69363   115606
   49    88 0.0001721957 0.0001721957    23121    69363   115606
   49    37 0.0001721957 0.0001721957    23121    69363   115606
   49    81 0.0006887827 0.0006887827    23121    69363   115606
   49    14 0.0006887827 0.0006887827    23121    69363   115606
   49    53 0.0006887827 0.0006887827    23121    69363   115606
   49    52 0.0006887827 0.0006887827    23121    69363   115606
   57    63 0.0033909301 0.0033909301    23121    69363   115606
   46    58 0.0033909301 0.0033909301    23121    69363   115606
   61    55 0.0033909301 0.0033909301    23121    69363   115606
   50    49 0.0033909301 0.0033909301    23121    69363   115606
   69    63 0.0033909301 0.0033909301    23121    69363   115606
   59    58 0.0033909301 0.0033909301    23121    69363   115606
   54    55 0.0033909301 0.0033909301    23121    69363   115606
   48    49 0.0033909301 0.0033909301    23121    69363   115606
   27    63 0.0033909301 0.0033909301    23121    69363   115606
   65    58 0.0033909301 0.0033909301    23121    69363   115606
   91    55 0.0033909301 0.0033909301    23121    69363   115606
   85    49 0.0033909301 0.0033909301    23121    69363   115606
   99    63 0.0033909301 0.0033909301    23121    69363   115606
   22    58 0.0033909301 0.0033909301    23121    69363   115606
   19    55 0.0033909301 0.0033909301    23121    69363   115606
   13    49 0.0033909301 0.0033909301    23121    69363   115606
    9    45 0.0033909301 0.0033909301    69363   115605   115606
   15    51 0.0033909301 0.0033909301    69363   115605   115606
   16    42 0.0033909301 0.0033909301    69363   115605   115606
   79    43 0.0033909301 0.0033909301    69363   115605   115606
   39    45 0.0033909301 0.0033909301    69363   115605   115606
   93    51 0.0033909301 0.0033909301    69363   115605   115606
   94    42 0.0033909301 0.0033909301    69363   115605   115606
    7    43 0.0033909301 0.0033909301    69363   115605   115606
   38    45 0.0033909301 0.0033909301    69363   115605   115606
   87    51 0.0033909301 0.0033909301    69363   115605   115606
   88    42 0.0033909301 0.0033909301    69363   115605   115606
   37    43 0.0033909301 0.0033909301    69363   115605   115606
   81    45 0.0033909301 0.0033909301    69363   115605   115606
   14    51 0.0033909301 0.0033909301    69363   115605   115606
   53    42 0.0033909301 0.0033909301    69363   115605   115606
   52    43 0.0033909301 0.0033909301    69363   115605   115606
