% transformer_encoder1  crossbar 256x256  mesh 6x6x3 (108 nodes)
% generated by stage2_core.py -- see STAGE2.md
% run with:  -size 16 16 -dimx 6 -dimy 6 -dimz 3 -traffic table traffics_dnn/transformer_encoder1_xb256_6x6x3_dag_cpm5e-5.txt
% sweep with: WARMUP_DP_CYCLES=3 SIM_DP_CYCLES=80  (DP_CYCLE=648, SIM=51840, 0.9 block passes measured)
% LOAD_SCALE=0.05  CYCLES_PER_MAC=5e-05  t_period=58097
% phases:  q=[0,5809)  k=[0,5809)  v=[0,5809)  o=[5809,11618)  ff1=[11618,34857)  ff2=[34857,58096)  attn_res=[0,11618)  ffn_res=[11618,58096)
% src dst pir por t_on t_off t_period
    0     3 0.0067837466 0.0067837466        0     5809    58097
    0     6 0.0067837466 0.0067837466        0     5809    58097
    0     9 0.0033915813 0.0033915813        0    11618    58097
    0    36 0.0067837466 0.0067837466        0     5809    58097
    0    39 0.0067837466 0.0067837466        0     5809    58097
    0    42 0.0067837466 0.0067837466        0     5809    58097
    0    72 0.0067837466 0.0067837466        0     5809    58097
    0    75 0.0067837466 0.0067837466        0     5809    58097
    0    78 0.0067837466 0.0067837466        0     5809    58097
    1     0 0.0271349862 0.0271349862        0     5809    58097
    1     4 0.0067837466 0.0067837466        0     5809    58097
    1     7 0.0067837466 0.0067837466        0     5809    58097
    1    37 0.0067837466 0.0067837466        0     5809    58097
    1    40 0.0067837466 0.0067837466        0     5809    58097
    1    43 0.0067837466 0.0067837466        0     5809    58097
    1    45 0.0033915813 0.0033915813        0    11618    58097
    1    73 0.0067837466 0.0067837466        0     5809    58097
    1    76 0.0067837466 0.0067837466        0     5809    58097
    1    79 0.0067837466 0.0067837466        0     5809    58097
    2     0 0.0271349862 0.0271349862        0     5809    58097
    2     5 0.0067837466 0.0067837466        0     5809    58097
    2     8 0.0067837466 0.0067837466        0     5809    58097
    2    38 0.0067837466 0.0067837466        0     5809    58097
    2    41 0.0067837466 0.0067837466        0     5809    58097
    2    44 0.0067837466 0.0067837466        0     5809    58097
    2    74 0.0067837466 0.0067837466        0     5809    58097
    2    77 0.0067837466 0.0067837466        0     5809    58097
    2    80 0.0067837466 0.0067837466        0     5809    58097
    2    81 0.0033915813 0.0033915813        0    11618    58097
    4     3 0.0271349862 0.0271349862        0     5809    58097
    5     3 0.0271349862 0.0271349862        0     5809    58097
    6     9 0.0067837466 0.0067837466        0     5809    58097
    6    45 0.0067837466 0.0067837466        0     5809    58097
    6    81 0.0067837466 0.0067837466        0     5809    58097
    7     6 0.0271349862 0.0271349862        0     5809    58097
    8     6 0.0271349862 0.0271349862        0     5809    58097
    9    12 0.0067837466 0.0067837466     5809    11618    58097
    9    13 0.0067837466 0.0067837466     5809    11618    58097
    9    14 0.0067837466 0.0067837466     5809    11618    58097
    9    15 0.0067837466 0.0067837466     5809    11618    58097
    9    24 0.0008477311 0.0008477311    11618    58096    58097
    9    48 0.0067837466 0.0067837466     5809    11618    58097
    9    49 0.0067837466 0.0067837466     5809    11618    58097
    9    50 0.0067837466 0.0067837466     5809    11618    58097
    9    51 0.0067837466 0.0067837466     5809    11618    58097
    9    84 0.0067837466 0.0067837466     5809    11618    58097
    9    85 0.0067837466 0.0067837466     5809    11618    58097
    9    86 0.0067837466 0.0067837466     5809    11618    58097
    9    87 0.0067837466 0.0067837466     5809    11618    58097
   10     9 0.0271349862 0.0271349862     5809    11618    58097
   11     9 0.0271349862 0.0271349862     5809    11618    58097
   12    24 0.0016954988 0.0016954988    11618    34857    58097
   12    60 0.0016954988 0.0016954988    11618    34857    58097
   12    96 0.0016954988 0.0016954988    11618    34857    58097
   13    27 0.0016954988 0.0016954988    11618    34857    58097
   13    63 0.0016954988 0.0016954988    11618    34857    58097
   13    99 0.0016954988 0.0016954988    11618    34857    58097
   14    30 0.0016954988 0.0016954988    11618    34857    58097
   14    66 0.0016954988 0.0016954988    11618    34857    58097
   14   102 0.0016954988 0.0016954988    11618    34857    58097
   15    33 0.0016954988 0.0016954988    11618    34857    58097
   15    69 0.0016954988 0.0016954988    11618    34857    58097
   15   105 0.0016954988 0.0016954988    11618    34857    58097
   16    12 0.0067819950 0.0067819950    11618    34857    58097
   17    13 0.0067819950 0.0067819950    11618    34857    58097
   18    14 0.0067819950 0.0067819950    11618    34857    58097
   19    15 0.0067819950 0.0067819950    11618    34857    58097
   20    12 0.0067819950 0.0067819950    11618    34857    58097
   21    13 0.0067819950 0.0067819950    11618    34857    58097
   22    14 0.0067819950 0.0067819950    11618    34857    58097
   23    15 0.0067819950 0.0067819950    11618    34857    58097
   25    24 0.0067819950 0.0067819950    34857    58096    58097
   26    24 0.0067819950 0.0067819950    34857    58096    58097
   27    24 0.0067819950 0.0067819950    34857    58096    58097
   28    24 0.0067819950 0.0067819950    34857    58096    58097
   29    24 0.0067819950 0.0067819950    34857    58096    58097
   30    24 0.0067819950 0.0067819950    34857    58096    58097
   31    24 0.0067819950 0.0067819950    34857    58096    58097
   32    24 0.0067819950 0.0067819950    34857    58096    58097
   33    24 0.0067819950 0.0067819950    34857    58096    58097
   34    24 0.0067819950 0.0067819950    34857    58096    58097
   35    24 0.0067819950 0.0067819950    34857    58096    58097
   37    36 0.0271349862 0.0271349862        0     5809    58097
   38    36 0.0271349862 0.0271349862        0     5809    58097
   40    39 0.0271349862 0.0271349862        0     5809    58097
   41    39 0.0271349862 0.0271349862        0     5809    58097
   42    10 0.0067837466 0.0067837466        0     5809    58097
   42    46 0.0067837466 0.0067837466        0     5809    58097
   42    82 0.0067837466 0.0067837466        0     5809    58097
   43    42 0.0271349862 0.0271349862        0     5809    58097
   44    42 0.0271349862 0.0271349862        0     5809    58097
   45    16 0.0067837466 0.0067837466     5809    11618    58097
   45    17 0.0067837466 0.0067837466     5809    11618    58097
   45    18 0.0067837466 0.0067837466     5809    11618    58097
   45    19 0.0067837466 0.0067837466     5809    11618    58097
   45    52 0.0067837466 0.0067837466     5809    11618    58097
   45    53 0.0067837466 0.0067837466     5809    11618    58097
   45    54 0.0067837466 0.0067837466     5809    11618    58097
   45    55 0.0067837466 0.0067837466     5809    11618    58097
   45    60 0.0008477311 0.0008477311    11618    58096    58097
   45    88 0.0067837466 0.0067837466     5809    11618    58097
   45    89 0.0067837466 0.0067837466     5809    11618    58097
   45    90 0.0067837466 0.0067837466     5809    11618    58097
   45    91 0.0067837466 0.0067837466     5809    11618    58097
   46    45 0.0271349862 0.0271349862     5809    11618    58097
   47    45 0.0271349862 0.0271349862     5809    11618    58097
   48    25 0.0016954988 0.0016954988    11618    34857    58097
   48    61 0.0016954988 0.0016954988    11618    34857    58097
   48    97 0.0016954988 0.0016954988    11618    34857    58097
   49    28 0.0016954988 0.0016954988    11618    34857    58097
   49    64 0.0016954988 0.0016954988    11618    34857    58097
   49   100 0.0016954988 0.0016954988    11618    34857    58097
   50    31 0.0016954988 0.0016954988    11618    34857    58097
   50    67 0.0016954988 0.0016954988    11618    34857    58097
   50   103 0.0016954988 0.0016954988    11618    34857    58097
   51    34 0.0016954988 0.0016954988    11618    34857    58097
   51    70 0.0016954988 0.0016954988    11618    34857    58097
   51   106 0.0016954988 0.0016954988    11618    34857    58097
   52    48 0.0067819950 0.0067819950    11618    34857    58097
   53    49 0.0067819950 0.0067819950    11618    34857    58097
   54    50 0.0067819950 0.0067819950    11618    34857    58097
   55    51 0.0067819950 0.0067819950    11618    34857    58097
   56    48 0.0067819950 0.0067819950    11618    34857    58097
   57    49 0.0067819950 0.0067819950    11618    34857    58097
   58    50 0.0067819950 0.0067819950    11618    34857    58097
   59    51 0.0067819950 0.0067819950    11618    34857    58097
   61    60 0.0067819950 0.0067819950    34857    58096    58097
   62    60 0.0067819950 0.0067819950    34857    58096    58097
   63    60 0.0067819950 0.0067819950    34857    58096    58097
   64    60 0.0067819950 0.0067819950    34857    58096    58097
   65    60 0.0067819950 0.0067819950    34857    58096    58097
   66    60 0.0067819950 0.0067819950    34857    58096    58097
   67    60 0.0067819950 0.0067819950    34857    58096    58097
   68    60 0.0067819950 0.0067819950    34857    58096    58097
   69    60 0.0067819950 0.0067819950    34857    58096    58097
   70    60 0.0067819950 0.0067819950    34857    58096    58097
   71    60 0.0067819950 0.0067819950    34857    58096    58097
   73    72 0.0271349862 0.0271349862        0     5809    58097
   74    72 0.0271349862 0.0271349862        0     5809    58097
   76    75 0.0271349862 0.0271349862        0     5809    58097
   77    75 0.0271349862 0.0271349862        0     5809    58097
   78    11 0.0067837466 0.0067837466        0     5809    58097
   78    47 0.0067837466 0.0067837466        0     5809    58097
   78    83 0.0067837466 0.0067837466        0     5809    58097
   79    78 0.0271349862 0.0271349862        0     5809    58097
   80    78 0.0271349862 0.0271349862        0     5809    58097
   81    20 0.0067837466 0.0067837466     5809    11618    58097
   81    21 0.0067837466 0.0067837466     5809    11618    58097
   81    22 0.0067837466 0.0067837466     5809    11618    58097
   81    23 0.0067837466 0.0067837466     5809    11618    58097
   81    56 0.0067837466 0.0067837466     5809    11618    58097
   81    57 0.0067837466 0.0067837466     5809    11618    58097
   81    58 0.0067837466 0.0067837466     5809    11618    58097
   81    59 0.0067837466 0.0067837466     5809    11618    58097
   81    92 0.0067837466 0.0067837466     5809    11618    58097
   81    93 0.0067837466 0.0067837466     5809    11618    58097
   81    94 0.0067837466 0.0067837466     5809    11618    58097
   81    95 0.0067837466 0.0067837466     5809    11618    58097
   81    96 0.0008477311 0.0008477311    11618    58096    58097
   82    81 0.0271349862 0.0271349862     5809    11618    58097
   83    81 0.0271349862 0.0271349862     5809    11618    58097
   84    26 0.0016954988 0.0016954988    11618    34857    58097
   84    62 0.0016954988 0.0016954988    11618    34857    58097
   84    98 0.0016954988 0.0016954988    11618    34857    58097
   85    29 0.0016954988 0.0016954988    11618    34857    58097
   85    65 0.0016954988 0.0016954988    11618    34857    58097
   85   101 0.0016954988 0.0016954988    11618    34857    58097
   86    32 0.0016954988 0.0016954988    11618    34857    58097
   86    68 0.0016954988 0.0016954988    11618    34857    58097
   86   104 0.0016954988 0.0016954988    11618    34857    58097
   87    35 0.0016954988 0.0016954988    11618    34857    58097
   87    71 0.0016954988 0.0016954988    11618    34857    58097
   87   107 0.0016954988 0.0016954988    11618    34857    58097
   88    84 0.0067819950 0.0067819950    11618    34857    58097
   89    85 0.0067819950 0.0067819950    11618    34857    58097
   90    86 0.0067819950 0.0067819950    11618    34857    58097
   91    87 0.0067819950 0.0067819950    11618    34857    58097
   92    84 0.0067819950 0.0067819950    11618    34857    58097
   93    85 0.0067819950 0.0067819950    11618    34857    58097
   94    86 0.0067819950 0.0067819950    11618    34857    58097
   95    87 0.0067819950 0.0067819950    11618    34857    58097
   97    96 0.0067819950 0.0067819950    34857    58096    58097
   98    96 0.0067819950 0.0067819950    34857    58096    58097
   99    96 0.0067819950 0.0067819950    34857    58096    58097
  100    96 0.0067819950 0.0067819950    34857    58096    58097
  101    96 0.0067819950 0.0067819950    34857    58096    58097
  102    96 0.0067819950 0.0067819950    34857    58096    58097
  103    96 0.0067819950 0.0067819950    34857    58096    58097
  104    96 0.0067819950 0.0067819950    34857    58096    58097
  105    96 0.0067819950 0.0067819950    34857    58096    58097
  106    96 0.0067819950 0.0067819950    34857    58096    58097
  107    96 0.0067819950 0.0067819950    34857    58096    58097
