% vgg16_block3  crossbar 128x128  mesh 6x6x3 (108 nodes)
% generated by stage2_core.py -- see STAGE2.md
% run with:  -size 16 16 -dimx 6 -dimy 6 -dimz 3 -traffic table traffics_dnn/vgg16_block3_xb128_6x6x3.txt
% sweep with: WARMUP_DP_CYCLES=3 SIM_DP_CYCLES=80  (DP_CYCLE=3240, SIM=259200, 0.4 block passes measured)
% LOAD_SCALE=0.05  CYCLES_PER_MAC=2.5e-05  t_period=115606
% phases:  conv5=[0,120229)  conv6=[120229,360688)  conv7=[360688,601147)
% src dst pir por t_on t_off t_period
    0    12 0.0007947332 0.0007947332    23120    69363   115606
    0    13 0.0007947332 0.0007947332    23120    69363   115606
    0    14 0.0007947332 0.0007947332    23120    69363   115606
    0    15 0.0008477154 0.0008477154    23120    69363   115606
    0    16 0.0007947332 0.0007947332    23120    69363   115606
    0    17 0.0007947332 0.0007947332    23120    69363   115606
    0    48 0.0007947332 0.0007947332    23120    69363   115606
    0    49 0.0007947332 0.0007947332    23120    69363   115606
    0    50 0.0007947332 0.0007947332    23120    69363   115606
    0    51 0.0007947332 0.0007947332    23120    69363   115606
    0    52 0.0007947332 0.0007947332    23120    69363   115606
    0    53 0.0007947332 0.0007947332    23120    69363   115606
    0    84 0.0007947332 0.0007947332    23120    69363   115606
    0    85 0.0007947332 0.0007947332    23120    69363   115606
    0    86 0.0008477154 0.0008477154    23120    69363   115606
    0    87 0.0007947332 0.0007947332    23120    69363   115606
    0    88 0.0007947332 0.0007947332    23120    69363   115606
    0    89 0.0007947332 0.0007947332    23120    69363   115606
    1    36 0.0271268993 0.0271268993    23120    69363   115606
    2     0 0.0271268993 0.0271268993    23120    69363   115606
    3    36 0.0271268993 0.0271268993    23120    69363   115606
    4     0 0.0271268993 0.0271268993    23120    69363   115606
    5    36 0.0271268993 0.0271268993    23120    69363   115606
    6     0 0.0271268993 0.0271268993    23120    69363   115606
    7    36 0.0271268993 0.0271268993    23120    69363   115606
    8     0 0.0271268993 0.0271268993    23120    69363   115606
    9    36 0.0271268993 0.0271268993    23120    69363   115606
   10     0 0.0271268993 0.0271268993    23120    69363   115606
   11    36 0.0271268993 0.0271268993    23120    69363   115606
   13    48 0.0271268993 0.0271268993    69363   115605   115606
   14    12 0.0271268993 0.0271268993    69363   115605   115606
   15    48 0.0271268993 0.0271268993    69363   115605   115606
   16    12 0.0271268993 0.0271268993    69363   115605   115606
   17    48 0.0271268993 0.0271268993    69363   115605   115606
   18    12 0.0271268993 0.0271268993    69363   115605   115606
   19    48 0.0271268993 0.0271268993    69363   115605   115606
   20    12 0.0271268993 0.0271268993    69363   115605   115606
   21    48 0.0271268993 0.0271268993    69363   115605   115606
   22    12 0.0271268993 0.0271268993    69363   115605   115606
   23    48 0.0271268993 0.0271268993    69363   115605   115606
   24     0 0.0015894798 0.0015894798        0    23120   115606
   24     1 0.0015894798 0.0015894798        0    23120   115606
   24     2 0.0015894798 0.0015894798        0    23120   115606
   24     3 0.0016954454 0.0016954454        0    23120   115606
   24     4 0.0015894798 0.0015894798        0    23120   115606
   24     5 0.0015894798 0.0015894798        0    23120   115606
   24    25 0.0001059651 0.0001059651        0    23120   115606
   24    36 0.0015894798 0.0015894798        0    23120   115606
   24    37 0.0015894798 0.0015894798        0    23120   115606
   24    38 0.0015894798 0.0015894798        0    23120   115606
   24    39 0.0015894798 0.0015894798        0    23120   115606
   24    40 0.0015894798 0.0015894798        0    23120   115606
   24    41 0.0015894798 0.0015894798        0    23120   115606
   24    60 0.0015894798 0.0015894798        0    23120   115606
   24    72 0.0015894798 0.0015894798        0    23120   115606
   24    73 0.0015894798 0.0015894798        0    23120   115606
   24    74 0.0016954454 0.0016954454        0    23120   115606
   24    75 0.0015894798 0.0015894798        0    23120   115606
   24    76 0.0015894798 0.0015894798        0    23120   115606
   24    77 0.0015894798 0.0015894798        0    23120   115606
   24    96 0.0001059651 0.0001059651        0    23120   115606
   25    60 0.0542542504 0.0542542504        0    23120   115606
   26    24 0.0542542504 0.0542542504        0    23120   115606
   26    30 0.0001059651 0.0001059651        0    23120   115606
   26    61 0.0001059651 0.0001059651        0    23120   115606
   26    62 0.0015894798 0.0015894798        0    23120   115606
   26    97 0.0001059651 0.0001059651        0    23120   115606
   26    98 0.0001059651 0.0001059651        0    23120   115606
   30    60 0.0542542504 0.0542542504        0    23120   115606
   31    24 0.0542542504 0.0542542504        0    23120   115606
   31    32 0.0001059651 0.0001059651        0    23120   115606
   31    66 0.0001059651 0.0001059651        0    23120   115606
   31    67 0.0015894798 0.0015894798        0    23120   115606
   31   102 0.0001059651 0.0001059651        0    23120   115606
   31   103 0.0001059651 0.0001059651        0    23120   115606
   32    60 0.0542542504 0.0542542504        0    23120   115606
   36    18 0.0007947332 0.0007947332    23120    69363   115606
   36    19 0.0007947332 0.0007947332    23120    69363   115606
   36    20 0.0007947332 0.0007947332    23120    69363   115606
   36    21 0.0008477154 0.0008477154    23120    69363   115606
   36    22 0.0007947332 0.0007947332    23120    69363   115606
   36    23 0.0007947332 0.0007947332    23120    69363   115606
   36    54 0.0007947332 0.0007947332    23120    69363   115606
   36    55 0.0007947332 0.0007947332    23120    69363   115606
   36    56 0.0007947332 0.0007947332    23120    69363   115606
   36    57 0.0007947332 0.0007947332    23120    69363   115606
   36    58 0.0007947332 0.0007947332    23120    69363   115606
   36    59 0.0007947332 0.0007947332    23120    69363   115606
   36    90 0.0007947332 0.0007947332    23120    69363   115606
   36    91 0.0007947332 0.0007947332    23120    69363   115606
   36    92 0.0008477154 0.0008477154    23120    69363   115606
   36    93 0.0007947332 0.0007947332    23120    69363   115606
   36    94 0.0007947332 0.0007947332    23120    69363   115606
   36    95 0.0007947332 0.0007947332    23120    69363   115606
   37     0 0.0271268993 0.0271268993    23120    69363   115606
   38    36 0.0271268993 0.0271268993    23120    69363   115606
   39     0 0.0271268993 0.0271268993    23120    69363   115606
   40    36 0.0271268993 0.0271268993    23120    69363   115606
   41     0 0.0271268993 0.0271268993    23120    69363   115606
   42    36 0.0271268993 0.0271268993    23120    69363   115606
   43     0 0.0271268993 0.0271268993    23120    69363   115606
   44    36 0.0271268993 0.0271268993    23120    69363   115606
   45     0 0.0271268993 0.0271268993    23120    69363   115606
   46    36 0.0271268993 0.0271268993    23120    69363   115606
   47     0 0.0271268993 0.0271268993    23120    69363   115606
   49    12 0.0271268993 0.0271268993    69363   115605   115606
   50    48 0.0271268993 0.0271268993    69363   115605   115606
   51    12 0.0271268993 0.0271268993    69363   115605   115606
   52    48 0.0271268993 0.0271268993    69363   115605   115606
   53    12 0.0271268993 0.0271268993    69363   115605   115606
   54    48 0.0271268993 0.0271268993    69363   115605   115606
   55    12 0.0271268993 0.0271268993    69363   115605   115606
   56    48 0.0271268993 0.0271268993    69363   115605   115606
   57    12 0.0271268993 0.0271268993    69363   115605   115606
   58    48 0.0271268993 0.0271268993    69363   115605   115606
   59    12 0.0271268993 0.0271268993    69363   115605   115606
   60     6 0.0015894798 0.0015894798        0    23120   115606
   60     7 0.0015894798 0.0015894798        0    23120   115606
   60     8 0.0015894798 0.0015894798        0    23120   115606
   60     9 0.0016954454 0.0016954454        0    23120   115606
   60    10 0.0015894798 0.0015894798        0    23120   115606
   60    11 0.0015894798 0.0015894798        0    23120   115606
   60    42 0.0015894798 0.0015894798        0    23120   115606
   60    43 0.0015894798 0.0015894798        0    23120   115606
   60    44 0.0015894798 0.0015894798        0    23120   115606
   60    45 0.0015894798 0.0015894798        0    23120   115606
   60    46 0.0015894798 0.0015894798        0    23120   115606
   60    47 0.0015894798 0.0015894798        0    23120   115606
   60    78 0.0015894798 0.0015894798        0    23120   115606
   60    79 0.0015894798 0.0015894798        0    23120   115606
   60    80 0.0016954454 0.0016954454        0    23120   115606
   60    81 0.0015894798 0.0015894798        0    23120   115606
   60    82 0.0015894798 0.0015894798        0    23120   115606
   60    83 0.0015894798 0.0015894798        0    23120   115606
   61    24 0.0542542504 0.0542542504        0    23120   115606
   61    25 0.0001059651 0.0001059651        0    23120   115606
   61    26 0.0001059651 0.0001059651        0    23120   115606
   61    62 0.0001059651 0.0001059651        0    23120   115606
   61    96 0.0001059651 0.0001059651        0    23120   115606
   61    97 0.0015894798 0.0015894798        0    23120   115606
   62    60 0.0542542504 0.0542542504        0    23120   115606
   66    24 0.0542542504 0.0542542504        0    23120   115606
   66    30 0.0001059651 0.0001059651        0    23120   115606
   66    31 0.0001059651 0.0001059651        0    23120   115606
   66    67 0.0001059651 0.0001059651        0    23120   115606
   66    98 0.0001059651 0.0001059651        0    23120   115606
   66   102 0.0015894798 0.0015894798        0    23120   115606
   67    60 0.0542542504 0.0542542504        0    23120   115606
   68    24 0.0542542504 0.0542542504        0    23120   115606
   68    32 0.0001059651 0.0001059651        0    23120   115606
   68   103 0.0001059651 0.0001059651        0    23120   115606
   68   104 0.0015894798 0.0015894798        0    23120   115606
   72     0 0.0271268993 0.0271268993    23120    69363   115606
   73    36 0.0271268993 0.0271268993    23120    69363   115606
   74     0 0.0271268993 0.0271268993    23120    69363   115606
   75    36 0.0271268993 0.0271268993    23120    69363   115606
   76     0 0.0271268993 0.0271268993    23120    69363   115606
   77    36 0.0271268993 0.0271268993    23120    69363   115606
   78     0 0.0271268993 0.0271268993    23120    69363   115606
   79    36 0.0271268993 0.0271268993    23120    69363   115606
   80     0 0.0271268993 0.0271268993    23120    69363   115606
   81    36 0.0271268993 0.0271268993    23120    69363   115606
   82     0 0.0271268993 0.0271268993    23120    69363   115606
   83    36 0.0271268993 0.0271268993    23120    69363   115606
   84    12 0.0271268993 0.0271268993    69363   115605   115606
   85    48 0.0271268993 0.0271268993    69363   115605   115606
   86    12 0.0271268993 0.0271268993    69363   115605   115606
   87    48 0.0271268993 0.0271268993    69363   115605   115606
   88    12 0.0271268993 0.0271268993    69363   115605   115606
   89    48 0.0271268993 0.0271268993    69363   115605   115606
   90    12 0.0271268993 0.0271268993    69363   115605   115606
   91    48 0.0271268993 0.0271268993    69363   115605   115606
   92    12 0.0271268993 0.0271268993    69363   115605   115606
   93    48 0.0271268993 0.0271268993    69363   115605   115606
   94    12 0.0271268993 0.0271268993    69363   115605   115606
   95    48 0.0271268993 0.0271268993    69363   115605   115606
   96    24 0.0543602155 0.0543602155        0    23120   115606
   96    25 0.0015894798 0.0015894798        0    23120   115606
   96    60 0.0001059651 0.0001059651        0    23120   115606
   96    61 0.0001059651 0.0001059651        0    23120   115606
   96    97 0.0001059651 0.0001059651        0    23120   115606
   97    60 0.0542542504 0.0542542504        0    23120   115606
   98    24 0.0542542504 0.0542542504        0    23120   115606
   98    26 0.0001059651 0.0001059651        0    23120   115606
   98    30 0.0016954454 0.0016954454        0    23120   115606
   98    62 0.0001059651 0.0001059651        0    23120   115606
   98    66 0.0001059651 0.0001059651        0    23120   115606
   98   102 0.0001059651 0.0001059651        0    23120   115606
  102    60 0.0542542504 0.0542542504        0    23120   115606
  103    24 0.0542542504 0.0542542504        0    23120   115606
  103    31 0.0001059651 0.0001059651        0    23120   115606
  103    32 0.0015894798 0.0015894798        0    23120   115606
  103    67 0.0001059651 0.0001059651        0    23120   115606
  103    68 0.0001059651 0.0001059651        0    23120   115606
  103   104 0.0001059651 0.0001059651        0    23120   115606
  104    60 0.0542542504 0.0542542504        0    23120   115606
