% vgg16_block3  crossbar 128x128  mesh 6x6x3 (108 nodes)
% generated by stage2_core.py -- see STAGE2.md
% run with:  -size 16 16 -dimx 6 -dimy 6 -dimz 3 -traffic table traffics_dnn/vgg16_block3_xb128_6x6x3.txt
% sweep with: WARMUP_DP_CYCLES=3 SIM_DP_CYCLES=80  (DP_CYCLE=3240, SIM=259200, 0.4 block passes measured)
% LOAD_SCALE=0.05  CYCLES_PER_MAC=2.5e-05  t_period=115606
% phases:  conv5=[0,120229)  conv6=[120229,360688)  conv7=[360688,601147)
% src dst pir por t_on t_off t_period
   44    50 0.0007947332 0.0007947332    23120    69363   115606
   44    13 0.0007947332 0.0007947332    23120    69363   115606
   44    14 0.0007947332 0.0007947332    23120    69363   115606
   44    15 0.0008477154 0.0008477154    23120    69363   115606
   44    16 0.0007947332 0.0007947332    23120    69363   115606
   44    17 0.0007947332 0.0007947332    23120    69363   115606
   44    51 0.0007947332 0.0007947332    23120    69363   115606
   44    49 0.0007947332 0.0007947332    23120    69363   115606
   44    12 0.0007947332 0.0007947332    23120    69363   115606
   44    48 0.0007947332 0.0007947332    23120    69363   115606
   44    52 0.0007947332 0.0007947332    23120    69363   115606
   44    53 0.0007947332 0.0007947332    23120    69363   115606
   44    84 0.0007947332 0.0007947332    23120    69363   115606
   44    85 0.0007947332 0.0007947332    23120    69363   115606
   44    86 0.0008477154 0.0008477154    23120    69363   115606
   44    87 0.0007947332 0.0007947332    23120    69363   115606
   44    88 0.0007947332 0.0007947332    23120    69363   115606
   44    89 0.0007947332 0.0007947332    23120    69363   115606
    1    45 0.0271268993 0.0271268993    23120    69363   115606
    2    44 0.0271268993 0.0271268993    23120    69363   115606
    3    45 0.0271268993 0.0271268993    23120    69363   115606
    4    44 0.0271268993 0.0271268993    23120    69363   115606
    5    45 0.0271268993 0.0271268993    23120    69363   115606
    6    44 0.0271268993 0.0271268993    23120    69363   115606
    7    45 0.0271268993 0.0271268993    23120    69363   115606
    8    44 0.0271268993 0.0271268993    23120    69363   115606
    9    45 0.0271268993 0.0271268993    23120    69363   115606
   10    44 0.0271268993 0.0271268993    23120    69363   115606
   11    45 0.0271268993 0.0271268993    23120    69363   115606
   13    51 0.0271268993 0.0271268993    69363   115605   115606
   14    50 0.0271268993 0.0271268993    69363   115605   115606
   15    51 0.0271268993 0.0271268993    69363   115605   115606
   16    50 0.0271268993 0.0271268993    69363   115605   115606
   17    51 0.0271268993 0.0271268993    69363   115605   115606
   18    50 0.0271268993 0.0271268993    69363   115605   115606
   19    51 0.0271268993 0.0271268993    69363   115605   115606
   20    50 0.0271268993 0.0271268993    69363   115605   115606
   21    51 0.0271268993 0.0271268993    69363   115605   115606
   22    50 0.0271268993 0.0271268993    69363   115605   115606
   23    51 0.0271268993 0.0271268993    69363   115605   115606
   61    44 0.0015894798 0.0015894798        0    23120   115606
   61     1 0.0015894798 0.0015894798        0    23120   115606
   61     2 0.0015894798 0.0015894798        0    23120   115606
   61     3 0.0016954454 0.0016954454        0    23120   115606
   61     4 0.0015894798 0.0015894798        0    23120   115606
   61     5 0.0015894798 0.0015894798        0    23120   115606
   61    25 0.0001059651 0.0001059651        0    23120   115606
   61    45 0.0015894798 0.0015894798        0    23120   115606
   61    37 0.0015894798 0.0015894798        0    23120   115606
   61    38 0.0015894798 0.0015894798        0    23120   115606
   61    39 0.0015894798 0.0015894798        0    23120   115606
   61    40 0.0015894798 0.0015894798        0    23120   115606
   61    41 0.0015894798 0.0015894798        0    23120   115606
   61    62 0.0015894798 0.0015894798        0    23120   115606
   61    72 0.0015894798 0.0015894798        0    23120   115606
   61    73 0.0015894798 0.0015894798        0    23120   115606
   61    74 0.0016954454 0.0016954454        0    23120   115606
   61    75 0.0015894798 0.0015894798        0    23120   115606
   61    76 0.0015894798 0.0015894798        0    23120   115606
   61    77 0.0015894798 0.0015894798        0    23120   115606
   61    96 0.0001059651 0.0001059651        0    23120   115606
   25    62 0.0542542504 0.0542542504        0    23120   115606
   26    61 0.0542542504 0.0542542504        0    23120   115606
   26    30 0.0001059651 0.0001059651        0    23120   115606
   26    24 0.0001059651 0.0001059651        0    23120   115606
   26    60 0.0015894798 0.0015894798        0    23120   115606
   26    97 0.0001059651 0.0001059651        0    23120   115606
   26    98 0.0001059651 0.0001059651        0    23120   115606
   30    62 0.0542542504 0.0542542504        0    23120   115606
   31    61 0.0542542504 0.0542542504        0    23120   115606
   31    32 0.0001059651 0.0001059651        0    23120   115606
   31    66 0.0001059651 0.0001059651        0    23120   115606
   31    67 0.0015894798 0.0015894798        0    23120   115606
   31   102 0.0001059651 0.0001059651        0    23120   115606
   31   103 0.0001059651 0.0001059651        0    23120   115606
   32    62 0.0542542504 0.0542542504        0    23120   115606
   45    18 0.0007947332 0.0007947332    23120    69363   115606
   45    19 0.0007947332 0.0007947332    23120    69363   115606
   45    20 0.0007947332 0.0007947332    23120    69363   115606
   45    21 0.0008477154 0.0008477154    23120    69363   115606
   45    22 0.0007947332 0.0007947332    23120    69363   115606
   45    23 0.0007947332 0.0007947332    23120    69363   115606
   45    54 0.0007947332 0.0007947332    23120    69363   115606
   45    55 0.0007947332 0.0007947332    23120    69363   115606
   45    56 0.0007947332 0.0007947332    23120    69363   115606
   45    57 0.0007947332 0.0007947332    23120    69363   115606
   45    58 0.0007947332 0.0007947332    23120    69363   115606
   45    59 0.0007947332 0.0007947332    23120    69363   115606
   45    90 0.0007947332 0.0007947332    23120    69363   115606
   45    91 0.0007947332 0.0007947332    23120    69363   115606
   45    92 0.0008477154 0.0008477154    23120    69363   115606
   45    93 0.0007947332 0.0007947332    23120    69363   115606
   45    94 0.0007947332 0.0007947332    23120    69363   115606
   45    95 0.0007947332 0.0007947332    23120    69363   115606
   37    44 0.0271268993 0.0271268993    23120    69363   115606
   38    45 0.0271268993 0.0271268993    23120    69363   115606
   39    44 0.0271268993 0.0271268993    23120    69363   115606
   40    45 0.0271268993 0.0271268993    23120    69363   115606
   41    44 0.0271268993 0.0271268993    23120    69363   115606
   42    45 0.0271268993 0.0271268993    23120    69363   115606
   43    44 0.0271268993 0.0271268993    23120    69363   115606
    0    45 0.0271268993 0.0271268993    23120    69363   115606
   36    44 0.0271268993 0.0271268993    23120    69363   115606
   46    45 0.0271268993 0.0271268993    23120    69363   115606
   47    44 0.0271268993 0.0271268993    23120    69363   115606
   49    50 0.0271268993 0.0271268993    69363   115605   115606
   12    51 0.0271268993 0.0271268993    69363   115605   115606
   48    50 0.0271268993 0.0271268993    69363   115605   115606
   52    51 0.0271268993 0.0271268993    69363   115605   115606
   53    50 0.0271268993 0.0271268993    69363   115605   115606
   54    51 0.0271268993 0.0271268993    69363   115605   115606
   55    50 0.0271268993 0.0271268993    69363   115605   115606
   56    51 0.0271268993 0.0271268993    69363   115605   115606
   57    50 0.0271268993 0.0271268993    69363   115605   115606
   58    51 0.0271268993 0.0271268993    69363   115605   115606
   59    50 0.0271268993 0.0271268993    69363   115605   115606
   62     6 0.0015894798 0.0015894798        0    23120   115606
   62     7 0.0015894798 0.0015894798        0    23120   115606
   62     8 0.0015894798 0.0015894798        0    23120   115606
   62     9 0.0016954454 0.0016954454        0    23120   115606
   62    10 0.0015894798 0.0015894798        0    23120   115606
   62    11 0.0015894798 0.0015894798        0    23120   115606
   62    42 0.0015894798 0.0015894798        0    23120   115606
   62    43 0.0015894798 0.0015894798        0    23120   115606
   62     0 0.0015894798 0.0015894798        0    23120   115606
   62    36 0.0015894798 0.0015894798        0    23120   115606
   62    46 0.0015894798 0.0015894798        0    23120   115606
   62    47 0.0015894798 0.0015894798        0    23120   115606
   62    78 0.0015894798 0.0015894798        0    23120   115606
   62    79 0.0015894798 0.0015894798        0    23120   115606
   62    80 0.0016954454 0.0016954454        0    23120   115606
   62    81 0.0015894798 0.0015894798        0    23120   115606
   62    82 0.0015894798 0.0015894798        0    23120   115606
   62    83 0.0015894798 0.0015894798        0    23120   115606
   24    61 0.0542542504 0.0542542504        0    23120   115606
   24    25 0.0001059651 0.0001059651        0    23120   115606
   24    26 0.0001059651 0.0001059651        0    23120   115606
   24    60 0.0001059651 0.0001059651        0    23120   115606
   24    96 0.0001059651 0.0001059651        0    23120   115606
   24    97 0.0015894798 0.0015894798        0    23120   115606
   60    62 0.0542542504 0.0542542504        0    23120   115606
   66    61 0.0542542504 0.0542542504        0    23120   115606
   66    30 0.0001059651 0.0001059651        0    23120   115606
   66    31 0.0001059651 0.0001059651        0    23120   115606
   66    67 0.0001059651 0.0001059651        0    23120   115606
   66    98 0.0001059651 0.0001059651        0    23120   115606
   66   102 0.0015894798 0.0015894798        0    23120   115606
   67    62 0.0542542504 0.0542542504        0    23120   115606
   68    61 0.0542542504 0.0542542504        0    23120   115606
   68    32 0.0001059651 0.0001059651        0    23120   115606
   68   103 0.0001059651 0.0001059651        0    23120   115606
   68   104 0.0015894798 0.0015894798        0    23120   115606
   72    44 0.0271268993 0.0271268993    23120    69363   115606
   73    45 0.0271268993 0.0271268993    23120    69363   115606
   74    44 0.0271268993 0.0271268993    23120    69363   115606
   75    45 0.0271268993 0.0271268993    23120    69363   115606
   76    44 0.0271268993 0.0271268993    23120    69363   115606
   77    45 0.0271268993 0.0271268993    23120    69363   115606
   78    44 0.0271268993 0.0271268993    23120    69363   115606
   79    45 0.0271268993 0.0271268993    23120    69363   115606
   80    44 0.0271268993 0.0271268993    23120    69363   115606
   81    45 0.0271268993 0.0271268993    23120    69363   115606
   82    44 0.0271268993 0.0271268993    23120    69363   115606
   83    45 0.0271268993 0.0271268993    23120    69363   115606
   84    50 0.0271268993 0.0271268993    69363   115605   115606
   85    51 0.0271268993 0.0271268993    69363   115605   115606
   86    50 0.0271268993 0.0271268993    69363   115605   115606
   87    51 0.0271268993 0.0271268993    69363   115605   115606
   88    50 0.0271268993 0.0271268993    69363   115605   115606
   89    51 0.0271268993 0.0271268993    69363   115605   115606
   90    50 0.0271268993 0.0271268993    69363   115605   115606
   91    51 0.0271268993 0.0271268993    69363   115605   115606
   92    50 0.0271268993 0.0271268993    69363   115605   115606
   93    51 0.0271268993 0.0271268993    69363   115605   115606
   94    50 0.0271268993 0.0271268993    69363   115605   115606
   95    51 0.0271268993 0.0271268993    69363   115605   115606
   96    61 0.0543602155 0.0543602155        0    23120   115606
   96    25 0.0015894798 0.0015894798        0    23120   115606
   96    62 0.0001059651 0.0001059651        0    23120   115606
   96    24 0.0001059651 0.0001059651        0    23120   115606
   96    97 0.0001059651 0.0001059651        0    23120   115606
   97    62 0.0542542504 0.0542542504        0    23120   115606
   98    61 0.0542542504 0.0542542504        0    23120   115606
   98    26 0.0001059651 0.0001059651        0    23120   115606
   98    30 0.0016954454 0.0016954454        0    23120   115606
   98    60 0.0001059651 0.0001059651        0    23120   115606
   98    66 0.0001059651 0.0001059651        0    23120   115606
   98   102 0.0001059651 0.0001059651        0    23120   115606
  102    62 0.0542542504 0.0542542504        0    23120   115606
  103    61 0.0542542504 0.0542542504        0    23120   115606
  103    31 0.0001059651 0.0001059651        0    23120   115606
  103    32 0.0015894798 0.0015894798        0    23120   115606
  103    67 0.0001059651 0.0001059651        0    23120   115606
  103    68 0.0001059651 0.0001059651        0    23120   115606
  103   104 0.0001059651 0.0001059651        0    23120   115606
  104    62 0.0542542504 0.0542542504        0    23120   115606
