% resnet50_full  crossbar 128x128  120 xb/tile  N_bits=8  mesh 7x7x3 (147 nodes)
% generated by stage2_dnn_full.py -- see STAGE2.md SS9.3a-c
% crossbars=12504  tiles=147  occupancy=100%
% run with:  -size 16 16 -dimx 7 -dimy 7 -dimz 3 -traffic table traffics_dnn/resnet50_full_xb128_120pt_7x7x3.txt
% sweep with: WARMUP_DP_CYCLES=3 SIM_DP_CYCLES=80  (DP_CYCLE=4998, SIM=399840, 0.8 inference passes measured)
% LOAD_SCALE=0.05  CYCLES_PER_MAC=0.00013  t_period=492872  implied_FPS=101
% phases: 50 trunk + 16 shortcut windows
% src dst pir por t_on t_off t_period
    0    49 0.0313788273 0.0313788273    15341    20339   492872
    0    50 0.0058717795 0.0058717795    15341    42046   492872
    1    51 0.0220961776 0.0220961776    42046    70432   492872
    1    99 0.0939203354 0.0939203354    42046    48725   492872
    2    51 0.0234800839 0.0234800839    63753    70432   492872
    3    52 0.0234800839 0.0234800839    92139    98818   492872
    4    53 0.0117400419 0.0117400419   127204   133883   492872
    5    54 0.0052172756 0.0052172756   140562   155590   492872
    6    55 0.0052172756 0.0052172756   168948   183976   492872
    7    56 0.0052172756 0.0052172756   197334   212362   492872
    8     9 0.0026086378 0.0026086378   232399   247427   492872
    8    57 0.0026086378 0.0026086378   232399   247427   492872
    8   106 0.0026086378 0.0026086378   232399   247427   492872
    9    58 0.0019766397 0.0019766397   247427   254106   492872
    9   107 0.0019766397 0.0019766397   247427   254106   492872
   10    58 0.0014944102 0.0014944102   219041   254106   492872
   11    12 0.0013043189 0.0013043189   260785   275813   492872
   11    61 0.0013043189 0.0013043189   260785   275813   492872
   11   109 0.0013043189 0.0013043189   260785   275813   492872
   12    13 0.0019766397 0.0019766397   275813   282492   492872
   12   110 0.0019766397 0.0019766397   275813   282492   492872
   13    62 0.0117400419 0.0117400419   282492   289171   492872
   13    64 0.0027620222 0.0027620222   282492   310878   492872
   13   111 0.0117400419 0.0117400419   282492   289171   492872
   14    15 0.0019766397 0.0019766397   304199   310878   492872
   14    64 0.0019766397 0.0019766397   304199   310878   492872
   15    16 0.0117400419 0.0117400419   310878   317557   492872
   15    66 0.0027620222 0.0027620222   310878   339264   492872
   15   113 0.0117400419 0.0117400419   310878   317557   492872
   16    17 0.0013043189 0.0013043189   317557   332585   492872
   16    65 0.0013043189 0.0013043189   317557   332585   492872
   16   114 0.0013043189 0.0013043189   317557   332585   492872
   17    66 0.0019766397 0.0019766397   332585   339264   492872
   17   115 0.0019766397 0.0019766397   332585   339264   492872
   18    19 0.0013043189 0.0013043189   345943   360971   492872
   18    68 0.0013043189 0.0013043189   345943   360971   492872
   18   116 0.0013043189 0.0013043189   345943   360971   492872
   19    20 0.0019766397 0.0019766397   360971   367650   492872
   19   117 0.0019766397 0.0019766397   360971   367650   492872
   20    69 0.0117400419 0.0117400419   367650   374329   492872
   20    71 0.0027620222 0.0027620222   367650   396036   492872
   20   118 0.0117400419 0.0117400419   367650   374329   492872
   21    22 0.0019766397 0.0019766397   389357   396036   492872
   21    71 0.0019766397 0.0019766397   389357   396036   492872
   22    23 0.0058695815 0.0058695815   396036   409394   492872
   22    29 0.0005589779 0.0005589779   396036   431101   492872
   22    30 0.0005589779 0.0005589779   396036   431101   492872
   22    31 0.0005589779 0.0005589779   396036   431101   492872
   22    72 0.0058695815 0.0058695815   396036   409394   492872
   22    78 0.0005589779 0.0005589779   396036   431101   492872
   22    79 0.0005589779 0.0005589779   396036   431101   492872
   22    80 0.0005589779 0.0005589779   396036   431101   492872
   22   120 0.0058695815 0.0058695815   396036   409394   492872
   22   127 0.0005589779 0.0005589779   396036   431101   492872
   22   128 0.0005589779 0.0005589779   396036   431101   492872
   22   129 0.0005589779 0.0005589779   396036   431101   492872
   23    24 0.0004392094 0.0004392094   409394   424422   492872
   23    25 0.0004392094 0.0004392094   409394   424422   492872
   23    26 0.0004392094 0.0004392094   409394   424422   492872
   23    27 0.0004392094 0.0004392094   409394   424422   492872
   23    73 0.0004392094 0.0004392094   409394   424422   492872
   23    74 0.0004392094 0.0004392094   409394   424422   492872
   23    75 0.0004392094 0.0004392094   409394   424422   492872
   23   121 0.0004392094 0.0004392094   409394   424422   492872
   23   122 0.0004392094 0.0004392094   409394   424422   492872
   23   123 0.0004392094 0.0004392094   409394   424422   492872
   23   124 0.0004392094 0.0004392094   409394   424422   492872
   24    28 0.0002770291 0.0002770291   424422   431101   492872
   24    76 0.0002770291 0.0002770291   424422   431101   492872
   24    77 0.0002770291 0.0002770291   424422   431101   492872
   24   125 0.0002770291 0.0002770291   424422   431101   492872
   24   126 0.0002770291 0.0002770291   424422   431101   492872
   25    28 0.0002770291 0.0002770291   424422   431101   492872
   25    76 0.0002770291 0.0002770291   424422   431101   492872
   25    77 0.0002770291 0.0002770291   424422   431101   492872
   25   125 0.0002770291 0.0002770291   424422   431101   492872
   25   126 0.0002770291 0.0002770291   424422   431101   492872
   26    28 0.0002695418 0.0002695418   424422   431101   492872
   26    76 0.0002695418 0.0002695418   424422   431101   492872
   26    77 0.0002695418 0.0002695418   424422   431101   492872
   26   125 0.0002695418 0.0002695418   424422   431101   492872
   26   126 0.0002695418 0.0002695418   424422   431101   492872
   27    28 0.0002695418 0.0002695418   424422   431101   492872
   27    76 0.0002695418 0.0002695418   424422   431101   492872
   27    77 0.0002695418 0.0002695418   424422   431101   492872
   27   125 0.0002695418 0.0002695418   424422   431101   492872
   27   126 0.0002695418 0.0002695418   424422   431101   492872
   28    32 0.0023510033 0.0023510033   431101   437780   492872
   28    33 0.0023510033 0.0023510033   431101   437780   492872
   28    38 0.0005531090 0.0005531090   431101   459487   492872
   28    81 0.0023510033 0.0023510033   431101   437780   492872
   28    82 0.0023510033 0.0023510033   431101   437780   492872
   28    87 0.0000017615 0.0000017615   431101   459487   492872
   28   130 0.0023510033 0.0023510033   431101   437780   492872
   28   135 0.0000017615 0.0000017615   431101   459487   492872
   29    76 0.0002495437 0.0002495437   396036   431101   492872
   30    28 0.0001012434 0.0001012434   396036   431101   492872
   30   125 0.0001511522 0.0001511522   396036   431101   492872
   31    77 0.0002509697 0.0002509697   396036   431101   492872
   32    34 0.0002628602 0.0002628602   437780   452808   492872
   32    35 0.0002628602 0.0002628602   437780   452808   492872
   32    36 0.0002628602 0.0002628602   437780   452808   492872
   32    37 0.0002628602 0.0002628602   437780   452808   492872
   32    83 0.0002628602 0.0002628602   437780   452808   492872
   32    84 0.0002628602 0.0002628602   437780   452808   492872
   32    85 0.0002628602 0.0002628602   437780   452808   492872
   32   131 0.0002628602 0.0002628602   437780   452808   492872
   32   132 0.0002628602 0.0002628602   437780   452808   492872
   32   133 0.0002628602 0.0002628602   437780   452808   492872
   32   134 0.0002628602 0.0002628602   437780   452808   492872
   33    34 0.0002628602 0.0002628602   437780   452808   492872
   33    35 0.0002628602 0.0002628602   437780   452808   492872
   33    36 0.0002628602 0.0002628602   437780   452808   492872
   33    37 0.0002628602 0.0002628602   437780   452808   492872
   33    83 0.0002628602 0.0002628602   437780   452808   492872
   33    84 0.0002628602 0.0002628602   437780   452808   492872
   33    85 0.0002628602 0.0002628602   437780   452808   492872
   33   131 0.0002628602 0.0002628602   437780   452808   492872
   33   132 0.0002628602 0.0002628602   437780   452808   492872
   33   133 0.0002628602 0.0002628602   437780   452808   492872
   33   134 0.0002628602 0.0002628602   437780   452808   492872
   34    38 0.0002770291 0.0002770291   452808   459487   492872
   34    86 0.0002770291 0.0002770291   452808   459487   492872
   34    87 0.0002770291 0.0002770291   452808   459487   492872
   34   135 0.0002770291 0.0002770291   452808   459487   492872
   34   136 0.0002770291 0.0002770291   452808   459487   492872
   35    38 0.0002770291 0.0002770291   452808   459487   492872
   35    86 0.0002770291 0.0002770291   452808   459487   492872
   35    87 0.0002770291 0.0002770291   452808   459487   492872
   35   135 0.0002770291 0.0002770291   452808   459487   492872
   35   136 0.0002770291 0.0002770291   452808   459487   492872
   36    38 0.0002695418 0.0002695418   452808   459487   492872
   36    86 0.0002695418 0.0002695418   452808   459487   492872
   36    87 0.0002695418 0.0002695418   452808   459487   492872
   36   135 0.0002695418 0.0002695418   452808   459487   492872
   36   136 0.0002695418 0.0002695418   452808   459487   492872
   37    38 0.0002695418 0.0002695418   452808   459487   492872
   37    86 0.0002695418 0.0002695418   452808   459487   492872
   37    87 0.0002695418 0.0002695418   452808   459487   492872
   37   135 0.0002695418 0.0002695418   452808   459487   492872
   37   136 0.0002695418 0.0002695418   452808   459487   492872
   38    39 0.0023510033 0.0023510033   459487   466166   492872
   38    40 0.0023510033 0.0023510033   459487   466166   492872
   38    45 0.0005531090 0.0005531090   459487   487873   492872
   38    88 0.0023510033 0.0023510033   459487   466166   492872
   38    89 0.0023510033 0.0023510033   459487   466166   492872
   38    94 0.0000017615 0.0000017615   459487   487873   492872
   38   137 0.0023510033 0.0023510033   459487   466166   492872
   38   142 0.0000017615 0.0000017615   459487   487873   492872
   39    41 0.0002628602 0.0002628602   466166   481194   492872
   39    42 0.0002628602 0.0002628602   466166   481194   492872
   39    43 0.0002628602 0.0002628602   466166   481194   492872
   39    44 0.0002628602 0.0002628602   466166   481194   492872
   39    90 0.0002628602 0.0002628602   466166   481194   492872
   39    91 0.0002628602 0.0002628602   466166   481194   492872
   39    92 0.0002628602 0.0002628602   466166   481194   492872
   39   138 0.0002628602 0.0002628602   466166   481194   492872
   39   139 0.0002628602 0.0002628602   466166   481194   492872
   39   140 0.0002628602 0.0002628602   466166   481194   492872
   39   141 0.0002628602 0.0002628602   466166   481194   492872
   40    41 0.0002628602 0.0002628602   466166   481194   492872
   40    42 0.0002628602 0.0002628602   466166   481194   492872
   40    43 0.0002628602 0.0002628602   466166   481194   492872
   40    44 0.0002628602 0.0002628602   466166   481194   492872
   40    90 0.0002628602 0.0002628602   466166   481194   492872
   40    91 0.0002628602 0.0002628602   466166   481194   492872
   40    92 0.0002628602 0.0002628602   466166   481194   492872
   40   138 0.0002628602 0.0002628602   466166   481194   492872
   40   139 0.0002628602 0.0002628602   466166   481194   492872
   40   140 0.0002628602 0.0002628602   466166   481194   492872
   40   141 0.0002628602 0.0002628602   466166   481194   492872
   41    45 0.0002770291 0.0002770291   481194   487873   492872
   41    93 0.0002770291 0.0002770291   481194   487873   492872
   41    94 0.0002770291 0.0002770291   481194   487873   492872
   41   142 0.0002770291 0.0002770291   481194   487873   492872
   41   143 0.0002770291 0.0002770291   481194   487873   492872
   42    45 0.0002770291 0.0002770291   481194   487873   492872
   42    93 0.0002770291 0.0002770291   481194   487873   492872
   42    94 0.0002770291 0.0002770291   481194   487873   492872
   42   142 0.0002770291 0.0002770291   481194   487873   492872
   42   143 0.0002770291 0.0002770291   481194   487873   492872
   43    45 0.0002695418 0.0002695418   481194   487873   492872
   43    93 0.0002695418 0.0002695418   481194   487873   492872
   43    94 0.0002695418 0.0002695418   481194   487873   492872
   43   142 0.0002695418 0.0002695418   481194   487873   492872
   43   143 0.0002695418 0.0002695418   481194   487873   492872
   44    45 0.0002695418 0.0002695418   481194   487873   492872
   44    93 0.0002695418 0.0002695418   481194   487873   492872
   44    94 0.0002695418 0.0002695418   481194   487873   492872
   44   142 0.0002695418 0.0002695418   481194   487873   492872
   44   143 0.0002695418 0.0002695418   481194   487873   492872
   45    46 0.0000700420 0.0000700420   487873   492871   492872
   45    47 0.0000700420 0.0000700420   487873   492871   492872
   45    48 0.0000700420 0.0000700420   487873   492871   492872
   45    95 0.0000700420 0.0000700420   487873   492871   492872
   45    96 0.0000700420 0.0000700420   487873   492871   492872
   45    97 0.0000700420 0.0000700420   487873   492871   492872
   45   144 0.0000700420 0.0000700420   487873   492871   492872
   45   145 0.0000700420 0.0000700420   487873   492871   492872
   45   146 0.0000700420 0.0000700420   487873   492871   492872
   49    98 0.0104345511 0.0104345511    20339    35367   492872
   50     1 0.0234871180 0.0234871180    15341    42046   492872
   51    52 0.0220961776 0.0220961776    70432    98818   492872
   51   100 0.0939203354 0.0939203354    70432    77111   492872
   52   101 0.0469566519 0.0469566519    98818   112176   492872
   52   102 0.0044718230 0.0044718230    98818   133883   492872
   53     5 0.0469601677 0.0469601677   133883   140562   492872
   53   103 0.0110480888 0.0110480888   133883   162269   492872
   54   103 0.0117400419 0.0117400419   155590   162269   492872
   55   104 0.0117400419 0.0117400419   183976   190655   492872
   56   105 0.0117400419 0.0117400419   212362   219041   492872
   57    58 0.0019766397 0.0019766397   247427   254106   492872
   57   107 0.0019766397 0.0019766397   247427   254106   492872
   58    11 0.0117400419 0.0117400419   254106   260785   492872
   58    60 0.0117400419 0.0117400419   254106   260785   492872
   58   110 0.0027620222 0.0027620222   254106   282492   492872
   59    58 0.0007472051 0.0007472051   219041   254106   492872
   59   107 0.0007472051 0.0007472051   219041   254106   492872
   60    12 0.0013043189 0.0013043189   260785   275813   492872
   60    61 0.0013043189 0.0013043189   260785   275813   492872
   60   109 0.0013043189 0.0013043189   260785   275813   492872
   61    13 0.0019766397 0.0019766397   275813   282492   492872
   61   110 0.0019766397 0.0019766397   275813   282492   492872
   62    14 0.0013043189 0.0013043189   289171   304199   492872
   62    63 0.0013043189 0.0013043189   289171   304199   492872
   62   112 0.0013043189 0.0013043189   289171   304199   492872
   63    15 0.0019766397 0.0019766397   304199   310878   492872
   63    64 0.0019766397 0.0019766397   304199   310878   492872
   64    16 0.0117400419 0.0117400419   310878   317557   492872
   64   113 0.0117400419 0.0117400419   310878   317557   492872
   64   115 0.0027620222 0.0027620222   310878   339264   492872
   65    66 0.0019766397 0.0019766397   332585   339264   492872
   65   115 0.0019766397 0.0019766397   332585   339264   492872
   66    18 0.0117400419 0.0117400419   339264   345943   492872
   66    67 0.0117400419 0.0117400419   339264   345943   492872
   66   117 0.0027620222 0.0027620222   339264   367650   492872
   67    19 0.0013043189 0.0013043189   345943   360971   492872
   67    68 0.0013043189 0.0013043189   345943   360971   492872
   67   116 0.0013043189 0.0013043189   345943   360971   492872
   68    20 0.0019766397 0.0019766397   360971   367650   492872
   68   117 0.0019766397 0.0019766397   360971   367650   492872
   69    21 0.0013043189 0.0013043189   374329   389357   492872
   69    70 0.0013043189 0.0013043189   374329   389357   492872
   69   119 0.0013043189 0.0013043189   374329   389357   492872
   70    22 0.0019766397 0.0019766397   389357   396036   492872
   70    71 0.0019766397 0.0019766397   389357   396036   492872
   71    23 0.0058695815 0.0058695815   396036   409394   492872
   71    29 0.0005589779 0.0005589779   396036   431101   492872
   71    30 0.0005589779 0.0005589779   396036   431101   492872
   71    31 0.0005589779 0.0005589779   396036   431101   492872
   71    72 0.0058695815 0.0058695815   396036   409394   492872
   71    78 0.0005589779 0.0005589779   396036   431101   492872
   71    79 0.0005589779 0.0005589779   396036   431101   492872
   71    80 0.0005589779 0.0005589779   396036   431101   492872
   71   120 0.0058695815 0.0058695815   396036   409394   492872
   71   127 0.0005589779 0.0005589779   396036   431101   492872
   71   128 0.0005589779 0.0005589779   396036   431101   492872
   71   129 0.0005589779 0.0005589779   396036   431101   492872
   72    24 0.0004358821 0.0004358821   409394   424422   492872
   72    25 0.0004358821 0.0004358821   409394   424422   492872
   72    26 0.0004358821 0.0004358821   409394   424422   492872
   72    27 0.0004358821 0.0004358821   409394   424422   492872
   72    73 0.0004358821 0.0004358821   409394   424422   492872
   72    74 0.0004358821 0.0004358821   409394   424422   492872
   72    75 0.0004358821 0.0004358821   409394   424422   492872
   72   121 0.0004358821 0.0004358821   409394   424422   492872
   72   122 0.0004358821 0.0004358821   409394   424422   492872
   72   123 0.0004358821 0.0004358821   409394   424422   492872
   72   124 0.0004358821 0.0004358821   409394   424422   492872
   73    28 0.0002695418 0.0002695418   424422   431101   492872
   73    76 0.0002695418 0.0002695418   424422   431101   492872
   73    77 0.0002695418 0.0002695418   424422   431101   492872
   73   125 0.0002695418 0.0002695418   424422   431101   492872
   73   126 0.0002695418 0.0002695418   424422   431101   492872
   74    28 0.0002695418 0.0002695418   424422   431101   492872
   74    76 0.0002695418 0.0002695418   424422   431101   492872
   74    77 0.0002695418 0.0002695418   424422   431101   492872
   74   125 0.0002695418 0.0002695418   424422   431101   492872
   74   126 0.0002695418 0.0002695418   424422   431101   492872
   75    28 0.0002695418 0.0002695418   424422   431101   492872
   75    76 0.0002695418 0.0002695418   424422   431101   492872
   75    77 0.0002695418 0.0002695418   424422   431101   492872
   75   125 0.0002695418 0.0002695418   424422   431101   492872
   75   126 0.0002695418 0.0002695418   424422   431101   492872
   76    32 0.0023510033 0.0023510033   431101   437780   492872
   76    33 0.0023510033 0.0023510033   431101   437780   492872
   76    81 0.0023510033 0.0023510033   431101   437780   492872
   76    82 0.0023510033 0.0023510033   431101   437780   492872
   76    86 0.0005531090 0.0005531090   431101   459487   492872
   76   130 0.0023510033 0.0023510033   431101   437780   492872
   76   135 0.0000017615 0.0000017615   431101   459487   492872
   77    32 0.0023584906 0.0023584906   431101   437780   492872
   77    33 0.0023584906 0.0023584906   431101   437780   492872
   77    38 0.0000017615 0.0000017615   431101   459487   492872
   77    81 0.0023584906 0.0023584906   431101   437780   492872
   77    82 0.0023584906 0.0023584906   431101   437780   492872
   77    87 0.0005548705 0.0005548705   431101   459487   492872
   77   130 0.0023584906 0.0023584906   431101   437780   492872
   77   136 0.0000017615 0.0000017615   431101   459487   492872
   78    76 0.0002010609 0.0002010609   396036   431101   492872
   78   125 0.0000513347 0.0000513347   396036   431101   492872
   79    28 0.0002509697 0.0002509697   396036   431101   492872
   80    77 0.0000513347 0.0000513347   396036   431101   492872
   80   126 0.0002010609 0.0002010609   396036   431101   492872
   81    34 0.0002628602 0.0002628602   437780   452808   492872
   81    35 0.0002628602 0.0002628602   437780   452808   492872
   81    36 0.0002628602 0.0002628602   437780   452808   492872
   81    37 0.0002628602 0.0002628602   437780   452808   492872
   81    83 0.0002628602 0.0002628602   437780   452808   492872
   81    84 0.0002628602 0.0002628602   437780   452808   492872
   81    85 0.0002628602 0.0002628602   437780   452808   492872
   81   131 0.0002628602 0.0002628602   437780   452808   492872
   81   132 0.0002628602 0.0002628602   437780   452808   492872
   81   133 0.0002628602 0.0002628602   437780   452808   492872
   81   134 0.0002628602 0.0002628602   437780   452808   492872
   82    34 0.0002628602 0.0002628602   437780   452808   492872
   82    35 0.0002628602 0.0002628602   437780   452808   492872
   82    36 0.0002628602 0.0002628602   437780   452808   492872
   82    37 0.0002628602 0.0002628602   437780   452808   492872
   82    83 0.0002628602 0.0002628602   437780   452808   492872
   82    84 0.0002628602 0.0002628602   437780   452808   492872
   82    85 0.0002628602 0.0002628602   437780   452808   492872
   82   131 0.0002628602 0.0002628602   437780   452808   492872
   82   132 0.0002628602 0.0002628602   437780   452808   492872
   82   133 0.0002628602 0.0002628602   437780   452808   492872
   82   134 0.0002628602 0.0002628602   437780   452808   492872
   83    38 0.0002695418 0.0002695418   452808   459487   492872
   83    86 0.0002695418 0.0002695418   452808   459487   492872
   83    87 0.0002695418 0.0002695418   452808   459487   492872
   83   135 0.0002695418 0.0002695418   452808   459487   492872
   83   136 0.0002695418 0.0002695418   452808   459487   492872
   84    38 0.0002695418 0.0002695418   452808   459487   492872
   84    86 0.0002695418 0.0002695418   452808   459487   492872
   84    87 0.0002695418 0.0002695418   452808   459487   492872
   84   135 0.0002695418 0.0002695418   452808   459487   492872
   84   136 0.0002695418 0.0002695418   452808   459487   492872
   85    38 0.0002695418 0.0002695418   452808   459487   492872
   85    86 0.0002695418 0.0002695418   452808   459487   492872
   85    87 0.0002695418 0.0002695418   452808   459487   492872
   85   135 0.0002695418 0.0002695418   452808   459487   492872
   85   136 0.0002695418 0.0002695418   452808   459487   492872
   86    39 0.0023510033 0.0023510033   459487   466166   492872
   86    40 0.0023510033 0.0023510033   459487   466166   492872
   86    88 0.0023510033 0.0023510033   459487   466166   492872
   86    89 0.0023510033 0.0023510033   459487   466166   492872
   86    93 0.0005531090 0.0005531090   459487   487873   492872
   86   137 0.0023510033 0.0023510033   459487   466166   492872
   86   142 0.0000017615 0.0000017615   459487   487873   492872
   87    39 0.0023584906 0.0023584906   459487   466166   492872
   87    40 0.0023584906 0.0023584906   459487   466166   492872
   87    45 0.0000017615 0.0000017615   459487   487873   492872
   87    88 0.0023584906 0.0023584906   459487   466166   492872
   87    89 0.0023584906 0.0023584906   459487   466166   492872
   87    94 0.0005548705 0.0005548705   459487   487873   492872
   87   137 0.0023584906 0.0023584906   459487   466166   492872
   87   143 0.0000017615 0.0000017615   459487   487873   492872
   88    41 0.0002628602 0.0002628602   466166   481194   492872
   88    42 0.0002628602 0.0002628602   466166   481194   492872
   88    43 0.0002628602 0.0002628602   466166   481194   492872
   88    44 0.0002628602 0.0002628602   466166   481194   492872
   88    90 0.0002628602 0.0002628602   466166   481194   492872
   88    91 0.0002628602 0.0002628602   466166   481194   492872
   88    92 0.0002628602 0.0002628602   466166   481194   492872
   88   138 0.0002628602 0.0002628602   466166   481194   492872
   88   139 0.0002628602 0.0002628602   466166   481194   492872
   88   140 0.0002628602 0.0002628602   466166   481194   492872
   88   141 0.0002628602 0.0002628602   466166   481194   492872
   89    41 0.0002628602 0.0002628602   466166   481194   492872
   89    42 0.0002628602 0.0002628602   466166   481194   492872
   89    43 0.0002628602 0.0002628602   466166   481194   492872
   89    44 0.0002628602 0.0002628602   466166   481194   492872
   89    90 0.0002628602 0.0002628602   466166   481194   492872
   89    91 0.0002628602 0.0002628602   466166   481194   492872
   89    92 0.0002628602 0.0002628602   466166   481194   492872
   89   138 0.0002628602 0.0002628602   466166   481194   492872
   89   139 0.0002628602 0.0002628602   466166   481194   492872
   89   140 0.0002628602 0.0002628602   466166   481194   492872
   89   141 0.0002628602 0.0002628602   466166   481194   492872
   90    45 0.0002695418 0.0002695418   481194   487873   492872
   90    93 0.0002695418 0.0002695418   481194   487873   492872
   90    94 0.0002695418 0.0002695418   481194   487873   492872
   90   142 0.0002695418 0.0002695418   481194   487873   492872
   90   143 0.0002695418 0.0002695418   481194   487873   492872
   91    45 0.0002695418 0.0002695418   481194   487873   492872
   91    93 0.0002695418 0.0002695418   481194   487873   492872
   91    94 0.0002695418 0.0002695418   481194   487873   492872
   91   142 0.0002695418 0.0002695418   481194   487873   492872
   91   143 0.0002695418 0.0002695418   481194   487873   492872
   92    45 0.0002695418 0.0002695418   481194   487873   492872
   92    93 0.0002695418 0.0002695418   481194   487873   492872
   92    94 0.0002695418 0.0002695418   481194   487873   492872
   92   142 0.0002695418 0.0002695418   481194   487873   492872
   92   143 0.0002695418 0.0002695418   481194   487873   492872
   93    46 0.0000700420 0.0000700420   487873   492871   492872
   93    47 0.0000700420 0.0000700420   487873   492871   492872
   93    48 0.0000700420 0.0000700420   487873   492871   492872
   93    95 0.0000700420 0.0000700420   487873   492871   492872
   93    96 0.0000700420 0.0000700420   487873   492871   492872
   93    97 0.0000700420 0.0000700420   487873   492871   492872
   93   144 0.0000700420 0.0000700420   487873   492871   492872
   93   145 0.0000700420 0.0000700420   487873   492871   492872
   93   146 0.0000700420 0.0000700420   487873   492871   492872
   94    46 0.0000700420 0.0000700420   487873   492871   492872
   94    47 0.0000700420 0.0000700420   487873   492871   492872
   94    48 0.0000700420 0.0000700420   487873   492871   492872
   94    95 0.0000700420 0.0000700420   487873   492871   492872
   94    96 0.0000700420 0.0000700420   487873   492871   492872
   94    97 0.0000700420 0.0000700420   487873   492871   492872
   94   144 0.0000700420 0.0000700420   487873   492871   492872
   94   145 0.0000700420 0.0000700420   487873   492871   492872
   94   146 0.0000700420 0.0000700420   487873   492871   492872
   98     1 0.0234800839 0.0234800839    35367    42046   492872
   99     2 0.0104345511 0.0104345511    48725    63753   492872
  100     3 0.0104345511 0.0104345511    77111    92139   492872
  101     4 0.0052172756 0.0052172756   112176   127204   492872
  102    53 0.0089436459 0.0089436459    98818   133883   492872
  103     6 0.0469601677 0.0469601677   162269   168948   492872
  103   104 0.0110480888 0.0110480888   162269   190655   492872
  104     7 0.0469601677 0.0469601677   190655   197334   492872
  104   105 0.0110480888 0.0110480888   190655   219041   492872
  105     8 0.0234783260 0.0234783260   219041   232399   492872
  105    10 0.0022359115 0.0022359115   219041   254106   492872
  105    59 0.0022359115 0.0022359115   219041   254106   492872
  105   108 0.0022359115 0.0022359115   219041   254106   492872
  106    58 0.0019766397 0.0019766397   247427   254106   492872
  106   107 0.0019766397 0.0019766397   247427   254106   492872
  107    11 0.0117400419 0.0117400419   254106   260785   492872
  107    13 0.0027620222 0.0027620222   254106   282492   492872
  107    60 0.0117400419 0.0117400419   254106   260785   492872
  108   107 0.0014944102 0.0014944102   219041   254106   492872
  109    13 0.0019766397 0.0019766397   275813   282492   492872
  109   110 0.0019766397 0.0019766397   275813   282492   492872
  110    15 0.0027620222 0.0027620222   282492   310878   492872
  110    62 0.0117400419 0.0117400419   282492   289171   492872
  110   111 0.0117400419 0.0117400419   282492   289171   492872
  111    14 0.0013043189 0.0013043189   289171   304199   492872
  111    63 0.0013043189 0.0013043189   289171   304199   492872
  111   112 0.0013043189 0.0013043189   289171   304199   492872
  112    15 0.0019766397 0.0019766397   304199   310878   492872
  112    64 0.0019766397 0.0019766397   304199   310878   492872
  113    17 0.0013043189 0.0013043189   317557   332585   492872
  113    65 0.0013043189 0.0013043189   317557   332585   492872
  113   114 0.0013043189 0.0013043189   317557   332585   492872
  114    66 0.0019766397 0.0019766397   332585   339264   492872
  114   115 0.0019766397 0.0019766397   332585   339264   492872
  115    18 0.0117400419 0.0117400419   339264   345943   492872
  115    20 0.0027620222 0.0027620222   339264   367650   492872
  115    67 0.0117400419 0.0117400419   339264   345943   492872
  116    20 0.0019766397 0.0019766397   360971   367650   492872
  116   117 0.0019766397 0.0019766397   360971   367650   492872
  117    22 0.0027620222 0.0027620222   367650   396036   492872
  117    69 0.0117400419 0.0117400419   367650   374329   492872
  117   118 0.0117400419 0.0117400419   367650   374329   492872
  118    21 0.0013043189 0.0013043189   374329   389357   492872
  118    70 0.0013043189 0.0013043189   374329   389357   492872
  118   119 0.0013043189 0.0013043189   374329   389357   492872
  119    22 0.0019766397 0.0019766397   389357   396036   492872
  119    71 0.0019766397 0.0019766397   389357   396036   492872
  120    24 0.0004358821 0.0004358821   409394   424422   492872
  120    25 0.0004358821 0.0004358821   409394   424422   492872
  120    26 0.0004358821 0.0004358821   409394   424422   492872
  120    27 0.0004358821 0.0004358821   409394   424422   492872
  120    73 0.0004358821 0.0004358821   409394   424422   492872
  120    74 0.0004358821 0.0004358821   409394   424422   492872
  120    75 0.0004358821 0.0004358821   409394   424422   492872
  120   121 0.0004358821 0.0004358821   409394   424422   492872
  120   122 0.0004358821 0.0004358821   409394   424422   492872
  120   123 0.0004358821 0.0004358821   409394   424422   492872
  120   124 0.0004358821 0.0004358821   409394   424422   492872
  121    28 0.0002695418 0.0002695418   424422   431101   492872
  121    76 0.0002695418 0.0002695418   424422   431101   492872
  121    77 0.0002695418 0.0002695418   424422   431101   492872
  121   125 0.0002695418 0.0002695418   424422   431101   492872
  121   126 0.0002695418 0.0002695418   424422   431101   492872
  122    28 0.0002770291 0.0002770291   424422   431101   492872
  122    76 0.0002770291 0.0002770291   424422   431101   492872
  122    77 0.0002770291 0.0002770291   424422   431101   492872
  122   125 0.0002770291 0.0002770291   424422   431101   492872
  122   126 0.0002770291 0.0002770291   424422   431101   492872
  123    28 0.0002770291 0.0002770291   424422   431101   492872
  123    76 0.0002770291 0.0002770291   424422   431101   492872
  123    77 0.0002770291 0.0002770291   424422   431101   492872
  123   125 0.0002770291 0.0002770291   424422   431101   492872
  123   126 0.0002770291 0.0002770291   424422   431101   492872
  124    28 0.0002770291 0.0002770291   424422   431101   492872
  124    76 0.0002770291 0.0002770291   424422   431101   492872
  124    77 0.0002770291 0.0002770291   424422   431101   492872
  124   125 0.0002770291 0.0002770291   424422   431101   492872
  124   126 0.0002770291 0.0002770291   424422   431101   492872
  125    32 0.0023584906 0.0023584906   431101   437780   492872
  125    33 0.0023584906 0.0023584906   431101   437780   492872
  125    38 0.0000017615 0.0000017615   431101   459487   492872
  125    81 0.0023584906 0.0023584906   431101   437780   492872
  125    82 0.0023584906 0.0023584906   431101   437780   492872
  125    86 0.0000017615 0.0000017615   431101   459487   492872
  125   130 0.0023584906 0.0023584906   431101   437780   492872
  125   135 0.0005548705 0.0005548705   431101   459487   492872
  126    32 0.0023510033 0.0023510033   431101   437780   492872
  126    33 0.0023510033 0.0023510033   431101   437780   492872
  126    81 0.0023510033 0.0023510033   431101   437780   492872
  126    82 0.0023510033 0.0023510033   431101   437780   492872
  126    87 0.0000017615 0.0000017615   431101   459487   492872
  126   130 0.0023510033 0.0023510033   431101   437780   492872
  126   136 0.0005531090 0.0005531090   431101   459487   492872
  127   125 0.0002495437 0.0002495437   396036   431101   492872
  128    28 0.0000998175 0.0000998175   396036   431101   492872
  128    77 0.0001511522 0.0001511522   396036   431101   492872
  129   126 0.0002481177 0.0002481177   396036   431101   492872
  130    34 0.0002628602 0.0002628602   437780   452808   492872
  130    35 0.0002628602 0.0002628602   437780   452808   492872
  130    36 0.0002628602 0.0002628602   437780   452808   492872
  130    37 0.0002628602 0.0002628602   437780   452808   492872
  130    83 0.0002628602 0.0002628602   437780   452808   492872
  130    84 0.0002628602 0.0002628602   437780   452808   492872
  130    85 0.0002628602 0.0002628602   437780   452808   492872
  130   131 0.0002628602 0.0002628602   437780   452808   492872
  130   132 0.0002628602 0.0002628602   437780   452808   492872
  130   133 0.0002628602 0.0002628602   437780   452808   492872
  130   134 0.0002628602 0.0002628602   437780   452808   492872
  131    38 0.0002695418 0.0002695418   452808   459487   492872
  131    86 0.0002695418 0.0002695418   452808   459487   492872
  131    87 0.0002695418 0.0002695418   452808   459487   492872
  131   135 0.0002695418 0.0002695418   452808   459487   492872
  131   136 0.0002695418 0.0002695418   452808   459487   492872
  132    38 0.0002770291 0.0002770291   452808   459487   492872
  132    86 0.0002770291 0.0002770291   452808   459487   492872
  132    87 0.0002770291 0.0002770291   452808   459487   492872
  132   135 0.0002770291 0.0002770291   452808   459487   492872
  132   136 0.0002770291 0.0002770291   452808   459487   492872
  133    38 0.0002770291 0.0002770291   452808   459487   492872
  133    86 0.0002770291 0.0002770291   452808   459487   492872
  133    87 0.0002770291 0.0002770291   452808   459487   492872
  133   135 0.0002770291 0.0002770291   452808   459487   492872
  133   136 0.0002770291 0.0002770291   452808   459487   492872
  134    38 0.0002770291 0.0002770291   452808   459487   492872
  134    86 0.0002770291 0.0002770291   452808   459487   492872
  134    87 0.0002770291 0.0002770291   452808   459487   492872
  134   135 0.0002770291 0.0002770291   452808   459487   492872
  134   136 0.0002770291 0.0002770291   452808   459487   492872
  135    39 0.0023584906 0.0023584906   459487   466166   492872
  135    40 0.0023584906 0.0023584906   459487   466166   492872
  135    45 0.0000017615 0.0000017615   459487   487873   492872
  135    88 0.0023584906 0.0023584906   459487   466166   492872
  135    89 0.0023584906 0.0023584906   459487   466166   492872
  135    93 0.0000017615 0.0000017615   459487   487873   492872
  135   137 0.0023584906 0.0023584906   459487   466166   492872
  135   142 0.0005548705 0.0005548705   459487   487873   492872
  136    39 0.0023510033 0.0023510033   459487   466166   492872
  136    40 0.0023510033 0.0023510033   459487   466166   492872
  136    88 0.0023510033 0.0023510033   459487   466166   492872
  136    89 0.0023510033 0.0023510033   459487   466166   492872
  136    94 0.0000017615 0.0000017615   459487   487873   492872
  136   137 0.0023510033 0.0023510033   459487   466166   492872
  136   143 0.0005531090 0.0005531090   459487   487873   492872
  137    41 0.0002628602 0.0002628602   466166   481194   492872
  137    42 0.0002628602 0.0002628602   466166   481194   492872
  137    43 0.0002628602 0.0002628602   466166   481194   492872
  137    44 0.0002628602 0.0002628602   466166   481194   492872
  137    90 0.0002628602 0.0002628602   466166   481194   492872
  137    91 0.0002628602 0.0002628602   466166   481194   492872
  137    92 0.0002628602 0.0002628602   466166   481194   492872
  137   138 0.0002628602 0.0002628602   466166   481194   492872
  137   139 0.0002628602 0.0002628602   466166   481194   492872
  137   140 0.0002628602 0.0002628602   466166   481194   492872
  137   141 0.0002628602 0.0002628602   466166   481194   492872
  138    45 0.0002695418 0.0002695418   481194   487873   492872
  138    93 0.0002695418 0.0002695418   481194   487873   492872
  138    94 0.0002695418 0.0002695418   481194   487873   492872
  138   142 0.0002695418 0.0002695418   481194   487873   492872
  138   143 0.0002695418 0.0002695418   481194   487873   492872
  139    45 0.0002770291 0.0002770291   481194   487873   492872
  139    93 0.0002770291 0.0002770291   481194   487873   492872
  139    94 0.0002770291 0.0002770291   481194   487873   492872
  139   142 0.0002770291 0.0002770291   481194   487873   492872
  139   143 0.0002770291 0.0002770291   481194   487873   492872
  140    45 0.0002770291 0.0002770291   481194   487873   492872
  140    93 0.0002770291 0.0002770291   481194   487873   492872
  140    94 0.0002770291 0.0002770291   481194   487873   492872
  140   142 0.0002770291 0.0002770291   481194   487873   492872
  140   143 0.0002770291 0.0002770291   481194   487873   492872
  141    45 0.0002770291 0.0002770291   481194   487873   492872
  141    93 0.0002770291 0.0002770291   481194   487873   492872
  141    94 0.0002770291 0.0002770291   481194   487873   492872
  141   142 0.0002770291 0.0002770291   481194   487873   492872
  141   143 0.0002770291 0.0002770291   481194   487873   492872
  142    46 0.0000700420 0.0000700420   487873   492871   492872
  142    47 0.0000700420 0.0000700420   487873   492871   492872
  142    48 0.0000700420 0.0000700420   487873   492871   492872
  142    95 0.0000700420 0.0000700420   487873   492871   492872
  142    96 0.0000700420 0.0000700420   487873   492871   492872
  142    97 0.0000700420 0.0000700420   487873   492871   492872
  142   144 0.0000700420 0.0000700420   487873   492871   492872
  142   145 0.0000700420 0.0000700420   487873   492871   492872
  142   146 0.0000700420 0.0000700420   487873   492871   492872
  143    46 0.0000700420 0.0000700420   487873   492871   492872
  143    47 0.0000700420 0.0000700420   487873   492871   492872
  143    48 0.0000700420 0.0000700420   487873   492871   492872
  143    95 0.0000700420 0.0000700420   487873   492871   492872
  143    96 0.0000700420 0.0000700420   487873   492871   492872
  143    97 0.0000700420 0.0000700420   487873   492871   492872
  143   144 0.0000700420 0.0000700420   487873   492871   492872
  143   145 0.0000700420 0.0000700420   487873   492871   492872
  143   146 0.0000700420 0.0000700420   487873   492871   492872
