% transformer_encoder1  crossbar 256x256  mesh 6x6x3 (108 nodes)
% generated by stage2_core.py -- see STAGE2.md
% run with:  -size 16 16 -dimx 6 -dimy 6 -dimz 3 -traffic table traffics_dnn/transformer_encoder1_xb256_6x6x3.txt
% sweep with: WARMUP_DP_CYCLES=3 SIM_DP_CYCLES=80  (DP_CYCLE=3240, SIM=259200, 1.4 block passes measured)
% LOAD_SCALE=0.05  CYCLES_PER_MAC=0.00013  t_period=181263
% phases:  q=[0,15105)  k=[15105,30210)  v=[30210,45315)  o=[45315,60420)  ff1=[60420,120841)  ff2=[120841,181262)  attn_res=[0,60420)  ffn_res=[60420,181262)
% src dst pir por t_on t_off t_period
    0     3 0.0026085805 0.0026085805        0    15105   181263
    0     9 0.0006521127 0.0006521127        0    60420   181263
    0    36 0.0026085805 0.0026085805        0    15105   181263
    0    39 0.0026085805 0.0026085805        0    15105   181263
    0    72 0.0026085805 0.0026085805        0    15105   181263
    0    75 0.0026085805 0.0026085805        0    15105   181263
    1     0 0.0104343220 0.0104343220        0    15105   181263
    1    37 0.0026085805 0.0026085805        0    15105   181263
    1    45 0.0006521127 0.0006521127        0    60420   181263
    1    73 0.0026085805 0.0026085805        0    15105   181263
    2     0 0.0104343220 0.0104343220        0    15105   181263
    2    38 0.0026085805 0.0026085805        0    15105   181263
    2    74 0.0026085805 0.0026085805        0    15105   181263
    2    81 0.0006521127 0.0006521127        0    60420   181263
    3     6 0.0026085805 0.0026085805    15105    30210   181263
    3    42 0.0026085805 0.0026085805    15105    30210   181263
    3    78 0.0026085805 0.0026085805    15105    30210   181263
    4     3 0.0104343220 0.0104343220    15105    30210   181263
    5     3 0.0104343220 0.0104343220    15105    30210   181263
    6     9 0.0026085805 0.0026085805    30210    45315   181263
    6    45 0.0026085805 0.0026085805    30210    45315   181263
    6    81 0.0026085805 0.0026085805    30210    45315   181263
    7     6 0.0104343220 0.0104343220    30210    45315   181263
    8     6 0.0104343220 0.0104343220    30210    45315   181263
    9    12 0.0026085805 0.0026085805    45315    60420   181263
    9    13 0.0026085805 0.0026085805    45315    60420   181263
    9    14 0.0026085805 0.0026085805    45315    60420   181263
    9    15 0.0026085805 0.0026085805    45315    60420   181263
    9    24 0.0003260483 0.0003260483    60420   181262   181263
    9    48 0.0026085805 0.0026085805    45315    60420   181263
    9    49 0.0026085805 0.0026085805    45315    60420   181263
    9    50 0.0026085805 0.0026085805    45315    60420   181263
    9    51 0.0026085805 0.0026085805    45315    60420   181263
    9    84 0.0026085805 0.0026085805    45315    60420   181263
    9    85 0.0026085805 0.0026085805    45315    60420   181263
    9    86 0.0026085805 0.0026085805    45315    60420   181263
    9    87 0.0026085805 0.0026085805    45315    60420   181263
   10     9 0.0104343220 0.0104343220    45315    60420   181263
   11     9 0.0104343220 0.0104343220    45315    60420   181263
   12    24 0.0006521020 0.0006521020    60420   120841   181263
   12    60 0.0006521020 0.0006521020    60420   120841   181263
   12    96 0.0006521020 0.0006521020    60420   120841   181263
   13    27 0.0006521020 0.0006521020    60420   120841   181263
   13    63 0.0006521020 0.0006521020    60420   120841   181263
   13    99 0.0006521020 0.0006521020    60420   120841   181263
   14    30 0.0006521020 0.0006521020    60420   120841   181263
   14    66 0.0006521020 0.0006521020    60420   120841   181263
   14   102 0.0006521020 0.0006521020    60420   120841   181263
   15    33 0.0006521020 0.0006521020    60420   120841   181263
   15    69 0.0006521020 0.0006521020    60420   120841   181263
   15   105 0.0006521020 0.0006521020    60420   120841   181263
   16    12 0.0026084078 0.0026084078    60420   120841   181263
   17    13 0.0026084078 0.0026084078    60420   120841   181263
   18    14 0.0026084078 0.0026084078    60420   120841   181263
   19    15 0.0026084078 0.0026084078    60420   120841   181263
   20    12 0.0026084078 0.0026084078    60420   120841   181263
   21    13 0.0026084078 0.0026084078    60420   120841   181263
   22    14 0.0026084078 0.0026084078    60420   120841   181263
   23    15 0.0026084078 0.0026084078    60420   120841   181263
   25    24 0.0026084078 0.0026084078   120841   181262   181263
   26    24 0.0026084078 0.0026084078   120841   181262   181263
   27    24 0.0026084078 0.0026084078   120841   181262   181263
   28    24 0.0026084078 0.0026084078   120841   181262   181263
   29    24 0.0026084078 0.0026084078   120841   181262   181263
   30    24 0.0026084078 0.0026084078   120841   181262   181263
   31    24 0.0026084078 0.0026084078   120841   181262   181263
   32    24 0.0026084078 0.0026084078   120841   181262   181263
   33    24 0.0026084078 0.0026084078   120841   181262   181263
   34    24 0.0026084078 0.0026084078   120841   181262   181263
   35    24 0.0026084078 0.0026084078   120841   181262   181263
   36     4 0.0026085805 0.0026085805        0    15105   181263
   36    40 0.0026085805 0.0026085805        0    15105   181263
   36    76 0.0026085805 0.0026085805        0    15105   181263
   37    36 0.0104343220 0.0104343220        0    15105   181263
   38    36 0.0104343220 0.0104343220        0    15105   181263
   39     7 0.0026085805 0.0026085805    15105    30210   181263
   39    43 0.0026085805 0.0026085805    15105    30210   181263
   39    79 0.0026085805 0.0026085805    15105    30210   181263
   40    39 0.0104343220 0.0104343220    15105    30210   181263
   41    39 0.0104343220 0.0104343220    15105    30210   181263
   42    10 0.0026085805 0.0026085805    30210    45315   181263
   42    46 0.0026085805 0.0026085805    30210    45315   181263
   42    82 0.0026085805 0.0026085805    30210    45315   181263
   43    42 0.0104343220 0.0104343220    30210    45315   181263
   44    42 0.0104343220 0.0104343220    30210    45315   181263
   45    16 0.0026085805 0.0026085805    45315    60420   181263
   45    17 0.0026085805 0.0026085805    45315    60420   181263
   45    18 0.0026085805 0.0026085805    45315    60420   181263
   45    19 0.0026085805 0.0026085805    45315    60420   181263
   45    52 0.0026085805 0.0026085805    45315    60420   181263
   45    53 0.0026085805 0.0026085805    45315    60420   181263
   45    54 0.0026085805 0.0026085805    45315    60420   181263
   45    55 0.0026085805 0.0026085805    45315    60420   181263
   45    60 0.0003260483 0.0003260483    60420   181262   181263
   45    88 0.0026085805 0.0026085805    45315    60420   181263
   45    89 0.0026085805 0.0026085805    45315    60420   181263
   45    90 0.0026085805 0.0026085805    45315    60420   181263
   45    91 0.0026085805 0.0026085805    45315    60420   181263
   46    45 0.0104343220 0.0104343220    45315    60420   181263
   47    45 0.0104343220 0.0104343220    45315    60420   181263
   48    25 0.0006521020 0.0006521020    60420   120841   181263
   48    61 0.0006521020 0.0006521020    60420   120841   181263
   48    97 0.0006521020 0.0006521020    60420   120841   181263
   49    28 0.0006521020 0.0006521020    60420   120841   181263
   49    64 0.0006521020 0.0006521020    60420   120841   181263
   49   100 0.0006521020 0.0006521020    60420   120841   181263
   50    31 0.0006521020 0.0006521020    60420   120841   181263
   50    67 0.0006521020 0.0006521020    60420   120841   181263
   50   103 0.0006521020 0.0006521020    60420   120841   181263
   51    34 0.0006521020 0.0006521020    60420   120841   181263
   51    70 0.0006521020 0.0006521020    60420   120841   181263
   51   106 0.0006521020 0.0006521020    60420   120841   181263
   52    48 0.0026084078 0.0026084078    60420   120841   181263
   53    49 0.0026084078 0.0026084078    60420   120841   181263
   54    50 0.0026084078 0.0026084078    60420   120841   181263
   55    51 0.0026084078 0.0026084078    60420   120841   181263
   56    48 0.0026084078 0.0026084078    60420   120841   181263
   57    49 0.0026084078 0.0026084078    60420   120841   181263
   58    50 0.0026084078 0.0026084078    60420   120841   181263
   59    51 0.0026084078 0.0026084078    60420   120841   181263
   61    60 0.0026084078 0.0026084078   120841   181262   181263
   62    60 0.0026084078 0.0026084078   120841   181262   181263
   63    60 0.0026084078 0.0026084078   120841   181262   181263
   64    60 0.0026084078 0.0026084078   120841   181262   181263
   65    60 0.0026084078 0.0026084078   120841   181262   181263
   66    60 0.0026084078 0.0026084078   120841   181262   181263
   67    60 0.0026084078 0.0026084078   120841   181262   181263
   68    60 0.0026084078 0.0026084078   120841   181262   181263
   69    60 0.0026084078 0.0026084078   120841   181262   181263
   70    60 0.0026084078 0.0026084078   120841   181262   181263
   71    60 0.0026084078 0.0026084078   120841   181262   181263
   72     5 0.0026085805 0.0026085805        0    15105   181263
   72    41 0.0026085805 0.0026085805        0    15105   181263
   72    77 0.0026085805 0.0026085805        0    15105   181263
   73    72 0.0104343220 0.0104343220        0    15105   181263
   74    72 0.0104343220 0.0104343220        0    15105   181263
   75     8 0.0026085805 0.0026085805    15105    30210   181263
   75    44 0.0026085805 0.0026085805    15105    30210   181263
   75    80 0.0026085805 0.0026085805    15105    30210   181263
   76    75 0.0104343220 0.0104343220    15105    30210   181263
   77    75 0.0104343220 0.0104343220    15105    30210   181263
   78    11 0.0026085805 0.0026085805    30210    45315   181263
   78    47 0.0026085805 0.0026085805    30210    45315   181263
   78    83 0.0026085805 0.0026085805    30210    45315   181263
   79    78 0.0104343220 0.0104343220    30210    45315   181263
   80    78 0.0104343220 0.0104343220    30210    45315   181263
   81    20 0.0026085805 0.0026085805    45315    60420   181263
   81    21 0.0026085805 0.0026085805    45315    60420   181263
   81    22 0.0026085805 0.0026085805    45315    60420   181263
   81    23 0.0026085805 0.0026085805    45315    60420   181263
   81    56 0.0026085805 0.0026085805    45315    60420   181263
   81    57 0.0026085805 0.0026085805    45315    60420   181263
   81    58 0.0026085805 0.0026085805    45315    60420   181263
   81    59 0.0026085805 0.0026085805    45315    60420   181263
   81    92 0.0026085805 0.0026085805    45315    60420   181263
   81    93 0.0026085805 0.0026085805    45315    60420   181263
   81    94 0.0026085805 0.0026085805    45315    60420   181263
   81    95 0.0026085805 0.0026085805    45315    60420   181263
   81    96 0.0003260483 0.0003260483    60420   181262   181263
   82    81 0.0104343220 0.0104343220    45315    60420   181263
   83    81 0.0104343220 0.0104343220    45315    60420   181263
   84    26 0.0006521020 0.0006521020    60420   120841   181263
   84    62 0.0006521020 0.0006521020    60420   120841   181263
   84    98 0.0006521020 0.0006521020    60420   120841   181263
   85    29 0.0006521020 0.0006521020    60420   120841   181263
   85    65 0.0006521020 0.0006521020    60420   120841   181263
   85   101 0.0006521020 0.0006521020    60420   120841   181263
   86    32 0.0006521020 0.0006521020    60420   120841   181263
   86    68 0.0006521020 0.0006521020    60420   120841   181263
   86   104 0.0006521020 0.0006521020    60420   120841   181263
   87    35 0.0006521020 0.0006521020    60420   120841   181263
   87    71 0.0006521020 0.0006521020    60420   120841   181263
   87   107 0.0006521020 0.0006521020    60420   120841   181263
   88    84 0.0026084078 0.0026084078    60420   120841   181263
   89    85 0.0026084078 0.0026084078    60420   120841   181263
   90    86 0.0026084078 0.0026084078    60420   120841   181263
   91    87 0.0026084078 0.0026084078    60420   120841   181263
   92    84 0.0026084078 0.0026084078    60420   120841   181263
   93    85 0.0026084078 0.0026084078    60420   120841   181263
   94    86 0.0026084078 0.0026084078    60420   120841   181263
   95    87 0.0026084078 0.0026084078    60420   120841   181263
   97    96 0.0026084078 0.0026084078   120841   181262   181263
   98    96 0.0026084078 0.0026084078   120841   181262   181263
   99    96 0.0026084078 0.0026084078   120841   181262   181263
  100    96 0.0026084078 0.0026084078   120841   181262   181263
  101    96 0.0026084078 0.0026084078   120841   181262   181263
  102    96 0.0026084078 0.0026084078   120841   181262   181263
  103    96 0.0026084078 0.0026084078   120841   181262   181263
  104    96 0.0026084078 0.0026084078   120841   181262   181263
  105    96 0.0026084078 0.0026084078   120841   181262   181263
  106    96 0.0026084078 0.0026084078   120841   181262   181263
  107    96 0.0026084078 0.0026084078   120841   181262   181263
