% transformer_encoder1  crossbar 256x256  mesh 6x6x3 (108 nodes)
% generated by stage2_core.py -- see STAGE2.md
% run with:  -size 16 16 -dimx 6 -dimy 6 -dimz 3 -traffic table traffics_dnn/transformer_encoder1_xb256_6x6x3.txt
% sweep with: WARMUP_DP_CYCLES=3 SIM_DP_CYCLES=80  (DP_CYCLE=3240, SIM=259200, 1.4 block passes measured)
% LOAD_SCALE=0.05  CYCLES_PER_MAC=1e-04  t_period=139433
% phases:  q=[0,15105)  k=[15105,30210)  v=[30210,45315)  o=[45315,60420)  ff1=[60420,120841)  ff2=[120841,181262)  attn_res=[0,60420)  ffn_res=[60420,181262)
% src dst pir por t_on t_off t_period
    0     3 0.0033911546 0.0033911546        0    11619   139433
    0     9 0.0008477465 0.0008477465        0    46476   139433
    0    36 0.0033911546 0.0033911546        0    11619   139433
    0    39 0.0033911546 0.0033911546        0    11619   139433
    0    72 0.0033911546 0.0033911546        0    11619   139433
    0    75 0.0033911546 0.0033911546        0    11619   139433
    1     0 0.0135646186 0.0135646186        0    11619   139433
    1    37 0.0033911546 0.0033911546        0    11619   139433
    1    45 0.0008477465 0.0008477465        0    46476   139433
    1    73 0.0033911546 0.0033911546        0    11619   139433
    2     0 0.0135646186 0.0135646186        0    11619   139433
    2    38 0.0033911546 0.0033911546        0    11619   139433
    2    74 0.0033911546 0.0033911546        0    11619   139433
    2    81 0.0008477465 0.0008477465        0    46476   139433
    3     6 0.0033911546 0.0033911546    11619    23238   139433
    3    42 0.0033911546 0.0033911546    11619    23238   139433
    3    78 0.0033911546 0.0033911546    11619    23238   139433
    4     3 0.0135646186 0.0135646186    11619    23238   139433
    5     3 0.0135646186 0.0135646186    11619    23238   139433
    6     9 0.0033911546 0.0033911546    23238    34857   139433
    6    45 0.0033911546 0.0033911546    23238    34857   139433
    6    81 0.0033911546 0.0033911546    23238    34857   139433
    7     6 0.0135646186 0.0135646186    23238    34857   139433
    8     6 0.0135646186 0.0135646186    23238    34857   139433
    9    12 0.0033911546 0.0033911546    34857    46476   139433
    9    13 0.0033911546 0.0033911546    34857    46476   139433
    9    14 0.0033911546 0.0033911546    34857    46476   139433
    9    15 0.0033911546 0.0033911546    34857    46476   139433
    9    24 0.0004238628 0.0004238628    46476   139432   139433
    9    48 0.0033911546 0.0033911546    34857    46476   139433
    9    49 0.0033911546 0.0033911546    34857    46476   139433
    9    50 0.0033911546 0.0033911546    34857    46476   139433
    9    51 0.0033911546 0.0033911546    34857    46476   139433
    9    84 0.0033911546 0.0033911546    34857    46476   139433
    9    85 0.0033911546 0.0033911546    34857    46476   139433
    9    86 0.0033911546 0.0033911546    34857    46476   139433
    9    87 0.0033911546 0.0033911546    34857    46476   139433
   10     9 0.0135646186 0.0135646186    34857    46476   139433
   11     9 0.0135646186 0.0135646186    34857    46476   139433
   12    24 0.0008477326 0.0008477326    46476    92954   139433
   12    60 0.0008477326 0.0008477326    46476    92954   139433
   12    96 0.0008477326 0.0008477326    46476    92954   139433
   13    27 0.0008477326 0.0008477326    46476    92954   139433
   13    63 0.0008477326 0.0008477326    46476    92954   139433
   13    99 0.0008477326 0.0008477326    46476    92954   139433
   14    30 0.0008477326 0.0008477326    46476    92954   139433
   14    66 0.0008477326 0.0008477326    46476    92954   139433
   14   102 0.0008477326 0.0008477326    46476    92954   139433
   15    33 0.0008477326 0.0008477326    46476    92954   139433
   15    69 0.0008477326 0.0008477326    46476    92954   139433
   15   105 0.0008477326 0.0008477326    46476    92954   139433
   16    12 0.0033909301 0.0033909301    46476    92954   139433
   17    13 0.0033909301 0.0033909301    46476    92954   139433
   18    14 0.0033909301 0.0033909301    46476    92954   139433
   19    15 0.0033909301 0.0033909301    46476    92954   139433
   20    12 0.0033909301 0.0033909301    46476    92954   139433
   21    13 0.0033909301 0.0033909301    46476    92954   139433
   22    14 0.0033909301 0.0033909301    46476    92954   139433
   23    15 0.0033909301 0.0033909301    46476    92954   139433
   25    24 0.0033909301 0.0033909301    92954   139432   139433
   26    24 0.0033909301 0.0033909301    92954   139432   139433
   27    24 0.0033909301 0.0033909301    92954   139432   139433
   28    24 0.0033909301 0.0033909301    92954   139432   139433
   29    24 0.0033909301 0.0033909301    92954   139432   139433
   30    24 0.0033909301 0.0033909301    92954   139432   139433
   31    24 0.0033909301 0.0033909301    92954   139432   139433
   32    24 0.0033909301 0.0033909301    92954   139432   139433
   33    24 0.0033909301 0.0033909301    92954   139432   139433
   34    24 0.0033909301 0.0033909301    92954   139432   139433
   35    24 0.0033909301 0.0033909301    92954   139432   139433
   36     4 0.0033911546 0.0033911546        0    11619   139433
   36    40 0.0033911546 0.0033911546        0    11619   139433
   36    76 0.0033911546 0.0033911546        0    11619   139433
   37    36 0.0135646186 0.0135646186        0    11619   139433
   38    36 0.0135646186 0.0135646186        0    11619   139433
   39     7 0.0033911546 0.0033911546    11619    23238   139433
   39    43 0.0033911546 0.0033911546    11619    23238   139433
   39    79 0.0033911546 0.0033911546    11619    23238   139433
   40    39 0.0135646186 0.0135646186    11619    23238   139433
   41    39 0.0135646186 0.0135646186    11619    23238   139433
   42    10 0.0033911546 0.0033911546    23238    34857   139433
   42    46 0.0033911546 0.0033911546    23238    34857   139433
   42    82 0.0033911546 0.0033911546    23238    34857   139433
   43    42 0.0135646186 0.0135646186    23238    34857   139433
   44    42 0.0135646186 0.0135646186    23238    34857   139433
   45    16 0.0033911546 0.0033911546    34857    46476   139433
   45    17 0.0033911546 0.0033911546    34857    46476   139433
   45    18 0.0033911546 0.0033911546    34857    46476   139433
   45    19 0.0033911546 0.0033911546    34857    46476   139433
   45    52 0.0033911546 0.0033911546    34857    46476   139433
   45    53 0.0033911546 0.0033911546    34857    46476   139433
   45    54 0.0033911546 0.0033911546    34857    46476   139433
   45    55 0.0033911546 0.0033911546    34857    46476   139433
   45    60 0.0004238628 0.0004238628    46476   139432   139433
   45    88 0.0033911546 0.0033911546    34857    46476   139433
   45    89 0.0033911546 0.0033911546    34857    46476   139433
   45    90 0.0033911546 0.0033911546    34857    46476   139433
   45    91 0.0033911546 0.0033911546    34857    46476   139433
   46    45 0.0135646186 0.0135646186    34857    46476   139433
   47    45 0.0135646186 0.0135646186    34857    46476   139433
   48    25 0.0008477326 0.0008477326    46476    92954   139433
   48    61 0.0008477326 0.0008477326    46476    92954   139433
   48    97 0.0008477326 0.0008477326    46476    92954   139433
   49    28 0.0008477326 0.0008477326    46476    92954   139433
   49    64 0.0008477326 0.0008477326    46476    92954   139433
   49   100 0.0008477326 0.0008477326    46476    92954   139433
   50    31 0.0008477326 0.0008477326    46476    92954   139433
   50    67 0.0008477326 0.0008477326    46476    92954   139433
   50   103 0.0008477326 0.0008477326    46476    92954   139433
   51    34 0.0008477326 0.0008477326    46476    92954   139433
   51    70 0.0008477326 0.0008477326    46476    92954   139433
   51   106 0.0008477326 0.0008477326    46476    92954   139433
   52    48 0.0033909301 0.0033909301    46476    92954   139433
   53    49 0.0033909301 0.0033909301    46476    92954   139433
   54    50 0.0033909301 0.0033909301    46476    92954   139433
   55    51 0.0033909301 0.0033909301    46476    92954   139433
   56    48 0.0033909301 0.0033909301    46476    92954   139433
   57    49 0.0033909301 0.0033909301    46476    92954   139433
   58    50 0.0033909301 0.0033909301    46476    92954   139433
   59    51 0.0033909301 0.0033909301    46476    92954   139433
   61    60 0.0033909301 0.0033909301    92954   139432   139433
   62    60 0.0033909301 0.0033909301    92954   139432   139433
   63    60 0.0033909301 0.0033909301    92954   139432   139433
   64    60 0.0033909301 0.0033909301    92954   139432   139433
   65    60 0.0033909301 0.0033909301    92954   139432   139433
   66    60 0.0033909301 0.0033909301    92954   139432   139433
   67    60 0.0033909301 0.0033909301    92954   139432   139433
   68    60 0.0033909301 0.0033909301    92954   139432   139433
   69    60 0.0033909301 0.0033909301    92954   139432   139433
   70    60 0.0033909301 0.0033909301    92954   139432   139433
   71    60 0.0033909301 0.0033909301    92954   139432   139433
   72     5 0.0033911546 0.0033911546        0    11619   139433
   72    41 0.0033911546 0.0033911546        0    11619   139433
   72    77 0.0033911546 0.0033911546        0    11619   139433
   73    72 0.0135646186 0.0135646186        0    11619   139433
   74    72 0.0135646186 0.0135646186        0    11619   139433
   75     8 0.0033911546 0.0033911546    11619    23238   139433
   75    44 0.0033911546 0.0033911546    11619    23238   139433
   75    80 0.0033911546 0.0033911546    11619    23238   139433
   76    75 0.0135646186 0.0135646186    11619    23238   139433
   77    75 0.0135646186 0.0135646186    11619    23238   139433
   78    11 0.0033911546 0.0033911546    23238    34857   139433
   78    47 0.0033911546 0.0033911546    23238    34857   139433
   78    83 0.0033911546 0.0033911546    23238    34857   139433
   79    78 0.0135646186 0.0135646186    23238    34857   139433
   80    78 0.0135646186 0.0135646186    23238    34857   139433
   81    20 0.0033911546 0.0033911546    34857    46476   139433
   81    21 0.0033911546 0.0033911546    34857    46476   139433
   81    22 0.0033911546 0.0033911546    34857    46476   139433
   81    23 0.0033911546 0.0033911546    34857    46476   139433
   81    56 0.0033911546 0.0033911546    34857    46476   139433
   81    57 0.0033911546 0.0033911546    34857    46476   139433
   81    58 0.0033911546 0.0033911546    34857    46476   139433
   81    59 0.0033911546 0.0033911546    34857    46476   139433
   81    92 0.0033911546 0.0033911546    34857    46476   139433
   81    93 0.0033911546 0.0033911546    34857    46476   139433
   81    94 0.0033911546 0.0033911546    34857    46476   139433
   81    95 0.0033911546 0.0033911546    34857    46476   139433
   81    96 0.0004238628 0.0004238628    46476   139432   139433
   82    81 0.0135646186 0.0135646186    34857    46476   139433
   83    81 0.0135646186 0.0135646186    34857    46476   139433
   84    26 0.0008477326 0.0008477326    46476    92954   139433
   84    62 0.0008477326 0.0008477326    46476    92954   139433
   84    98 0.0008477326 0.0008477326    46476    92954   139433
   85    29 0.0008477326 0.0008477326    46476    92954   139433
   85    65 0.0008477326 0.0008477326    46476    92954   139433
   85   101 0.0008477326 0.0008477326    46476    92954   139433
   86    32 0.0008477326 0.0008477326    46476    92954   139433
   86    68 0.0008477326 0.0008477326    46476    92954   139433
   86   104 0.0008477326 0.0008477326    46476    92954   139433
   87    35 0.0008477326 0.0008477326    46476    92954   139433
   87    71 0.0008477326 0.0008477326    46476    92954   139433
   87   107 0.0008477326 0.0008477326    46476    92954   139433
   88    84 0.0033909301 0.0033909301    46476    92954   139433
   89    85 0.0033909301 0.0033909301    46476    92954   139433
   90    86 0.0033909301 0.0033909301    46476    92954   139433
   91    87 0.0033909301 0.0033909301    46476    92954   139433
   92    84 0.0033909301 0.0033909301    46476    92954   139433
   93    85 0.0033909301 0.0033909301    46476    92954   139433
   94    86 0.0033909301 0.0033909301    46476    92954   139433
   95    87 0.0033909301 0.0033909301    46476    92954   139433
   97    96 0.0033909301 0.0033909301    92954   139432   139433
   98    96 0.0033909301 0.0033909301    92954   139432   139433
   99    96 0.0033909301 0.0033909301    92954   139432   139433
  100    96 0.0033909301 0.0033909301    92954   139432   139433
  101    96 0.0033909301 0.0033909301    92954   139432   139433
  102    96 0.0033909301 0.0033909301    92954   139432   139433
  103    96 0.0033909301 0.0033909301    92954   139432   139433
  104    96 0.0033909301 0.0033909301    92954   139432   139433
  105    96 0.0033909301 0.0033909301    92954   139432   139433
  106    96 0.0033909301 0.0033909301    92954   139432   139433
  107    96 0.0033909301 0.0033909301    92954   139432   139433
