% transformer_encoder1  crossbar 256x256  mesh 6x6x3 (108 nodes)
% generated by stage2_core.py -- see STAGE2.md
% run with:  -size 16 16 -dimx 6 -dimy 6 -dimz 3 -traffic table traffics_dnn/transformer_encoder1_xb256_6x6x3.txt
% sweep with: WARMUP_DP_CYCLES=3 SIM_DP_CYCLES=80  (DP_CYCLE=3240, SIM=259200, 1.4 block passes measured)
% LOAD_SCALE=0.05  CYCLES_PER_MAC=5e-05  t_period=69717
% phases:  q=[0,15105)  k=[15105,30210)  v=[30210,45315)  o=[45315,60420)  ff1=[60420,120841)  ff2=[120841,181262)  attn_res=[0,60420)  ffn_res=[60420,181262)
% src dst pir por t_on t_off t_period
    0     3 0.0067823093 0.0067823093        0     5809    69717
    0     9 0.0016954930 0.0016954930        0    23238    69717
    0    36 0.0067823093 0.0067823093        0     5809    69717
    0    39 0.0067823093 0.0067823093        0     5809    69717
    0    72 0.0067823093 0.0067823093        0     5809    69717
    0    75 0.0067823093 0.0067823093        0     5809    69717
    1     0 0.0271292372 0.0271292372        0     5809    69717
    1    37 0.0067823093 0.0067823093        0     5809    69717
    1    45 0.0016954930 0.0016954930        0    23238    69717
    1    73 0.0067823093 0.0067823093        0     5809    69717
    2     0 0.0271292372 0.0271292372        0     5809    69717
    2    38 0.0067823093 0.0067823093        0     5809    69717
    2    74 0.0067823093 0.0067823093        0     5809    69717
    2    81 0.0016954930 0.0016954930        0    23238    69717
    3     6 0.0067823093 0.0067823093     5809    11619    69717
    3    42 0.0067823093 0.0067823093     5809    11619    69717
    3    78 0.0067823093 0.0067823093     5809    11619    69717
    4     3 0.0271292372 0.0271292372     5809    11619    69717
    5     3 0.0271292372 0.0271292372     5809    11619    69717
    6     9 0.0067823093 0.0067823093    11619    17428    69717
    6    45 0.0067823093 0.0067823093    11619    17428    69717
    6    81 0.0067823093 0.0067823093    11619    17428    69717
    7     6 0.0271292372 0.0271292372    11619    17428    69717
    8     6 0.0271292372 0.0271292372    11619    17428    69717
    9    12 0.0067823093 0.0067823093    17428    23238    69717
    9    13 0.0067823093 0.0067823093    17428    23238    69717
    9    14 0.0067823093 0.0067823093    17428    23238    69717
    9    15 0.0067823093 0.0067823093    17428    23238    69717
    9    24 0.0008477256 0.0008477256    23238    69716    69717
    9    48 0.0067823093 0.0067823093    17428    23238    69717
    9    49 0.0067823093 0.0067823093    17428    23238    69717
    9    50 0.0067823093 0.0067823093    17428    23238    69717
    9    51 0.0067823093 0.0067823093    17428    23238    69717
    9    84 0.0067823093 0.0067823093    17428    23238    69717
    9    85 0.0067823093 0.0067823093    17428    23238    69717
    9    86 0.0067823093 0.0067823093    17428    23238    69717
    9    87 0.0067823093 0.0067823093    17428    23238    69717
   10     9 0.0271292372 0.0271292372    17428    23238    69717
   11     9 0.0271292372 0.0271292372    17428    23238    69717
   12    24 0.0016954652 0.0016954652    23238    46477    69717
   12    60 0.0016954652 0.0016954652    23238    46477    69717
   12    96 0.0016954652 0.0016954652    23238    46477    69717
   13    27 0.0016954652 0.0016954652    23238    46477    69717
   13    63 0.0016954652 0.0016954652    23238    46477    69717
   13    99 0.0016954652 0.0016954652    23238    46477    69717
   14    30 0.0016954652 0.0016954652    23238    46477    69717
   14    66 0.0016954652 0.0016954652    23238    46477    69717
   14   102 0.0016954652 0.0016954652    23238    46477    69717
   15    33 0.0016954652 0.0016954652    23238    46477    69717
   15    69 0.0016954652 0.0016954652    23238    46477    69717
   15   105 0.0016954652 0.0016954652    23238    46477    69717
   16    12 0.0067818603 0.0067818603    23238    46477    69717
   17    13 0.0067818603 0.0067818603    23238    46477    69717
   18    14 0.0067818603 0.0067818603    23238    46477    69717
   19    15 0.0067818603 0.0067818603    23238    46477    69717
   20    12 0.0067818603 0.0067818603    23238    46477    69717
   21    13 0.0067818603 0.0067818603    23238    46477    69717
   22    14 0.0067818603 0.0067818603    23238    46477    69717
   23    15 0.0067818603 0.0067818603    23238    46477    69717
   25    24 0.0067818603 0.0067818603    46477    69716    69717
   26    24 0.0067818603 0.0067818603    46477    69716    69717
   27    24 0.0067818603 0.0067818603    46477    69716    69717
   28    24 0.0067818603 0.0067818603    46477    69716    69717
   29    24 0.0067818603 0.0067818603    46477    69716    69717
   30    24 0.0067818603 0.0067818603    46477    69716    69717
   31    24 0.0067818603 0.0067818603    46477    69716    69717
   32    24 0.0067818603 0.0067818603    46477    69716    69717
   33    24 0.0067818603 0.0067818603    46477    69716    69717
   34    24 0.0067818603 0.0067818603    46477    69716    69717
   35    24 0.0067818603 0.0067818603    46477    69716    69717
   36     4 0.0067823093 0.0067823093        0     5809    69717
   36    40 0.0067823093 0.0067823093        0     5809    69717
   36    76 0.0067823093 0.0067823093        0     5809    69717
   37    36 0.0271292372 0.0271292372        0     5809    69717
   38    36 0.0271292372 0.0271292372        0     5809    69717
   39     7 0.0067823093 0.0067823093     5809    11619    69717
   39    43 0.0067823093 0.0067823093     5809    11619    69717
   39    79 0.0067823093 0.0067823093     5809    11619    69717
   40    39 0.0271292372 0.0271292372     5809    11619    69717
   41    39 0.0271292372 0.0271292372     5809    11619    69717
   42    10 0.0067823093 0.0067823093    11619    17428    69717
   42    46 0.0067823093 0.0067823093    11619    17428    69717
   42    82 0.0067823093 0.0067823093    11619    17428    69717
   43    42 0.0271292372 0.0271292372    11619    17428    69717
   44    42 0.0271292372 0.0271292372    11619    17428    69717
   45    16 0.0067823093 0.0067823093    17428    23238    69717
   45    17 0.0067823093 0.0067823093    17428    23238    69717
   45    18 0.0067823093 0.0067823093    17428    23238    69717
   45    19 0.0067823093 0.0067823093    17428    23238    69717
   45    52 0.0067823093 0.0067823093    17428    23238    69717
   45    53 0.0067823093 0.0067823093    17428    23238    69717
   45    54 0.0067823093 0.0067823093    17428    23238    69717
   45    55 0.0067823093 0.0067823093    17428    23238    69717
   45    60 0.0008477256 0.0008477256    23238    69716    69717
   45    88 0.0067823093 0.0067823093    17428    23238    69717
   45    89 0.0067823093 0.0067823093    17428    23238    69717
   45    90 0.0067823093 0.0067823093    17428    23238    69717
   45    91 0.0067823093 0.0067823093    17428    23238    69717
   46    45 0.0271292372 0.0271292372    17428    23238    69717
   47    45 0.0271292372 0.0271292372    17428    23238    69717
   48    25 0.0016954652 0.0016954652    23238    46477    69717
   48    61 0.0016954652 0.0016954652    23238    46477    69717
   48    97 0.0016954652 0.0016954652    23238    46477    69717
   49    28 0.0016954652 0.0016954652    23238    46477    69717
   49    64 0.0016954652 0.0016954652    23238    46477    69717
   49   100 0.0016954652 0.0016954652    23238    46477    69717
   50    31 0.0016954652 0.0016954652    23238    46477    69717
   50    67 0.0016954652 0.0016954652    23238    46477    69717
   50   103 0.0016954652 0.0016954652    23238    46477    69717
   51    34 0.0016954652 0.0016954652    23238    46477    69717
   51    70 0.0016954652 0.0016954652    23238    46477    69717
   51   106 0.0016954652 0.0016954652    23238    46477    69717
   52    48 0.0067818603 0.0067818603    23238    46477    69717
   53    49 0.0067818603 0.0067818603    23238    46477    69717
   54    50 0.0067818603 0.0067818603    23238    46477    69717
   55    51 0.0067818603 0.0067818603    23238    46477    69717
   56    48 0.0067818603 0.0067818603    23238    46477    69717
   57    49 0.0067818603 0.0067818603    23238    46477    69717
   58    50 0.0067818603 0.0067818603    23238    46477    69717
   59    51 0.0067818603 0.0067818603    23238    46477    69717
   61    60 0.0067818603 0.0067818603    46477    69716    69717
   62    60 0.0067818603 0.0067818603    46477    69716    69717
   63    60 0.0067818603 0.0067818603    46477    69716    69717
   64    60 0.0067818603 0.0067818603    46477    69716    69717
   65    60 0.0067818603 0.0067818603    46477    69716    69717
   66    60 0.0067818603 0.0067818603    46477    69716    69717
   67    60 0.0067818603 0.0067818603    46477    69716    69717
   68    60 0.0067818603 0.0067818603    46477    69716    69717
   69    60 0.0067818603 0.0067818603    46477    69716    69717
   70    60 0.0067818603 0.0067818603    46477    69716    69717
   71    60 0.0067818603 0.0067818603    46477    69716    69717
   72     5 0.0067823093 0.0067823093        0     5809    69717
   72    41 0.0067823093 0.0067823093        0     5809    69717
   72    77 0.0067823093 0.0067823093        0     5809    69717
   73    72 0.0271292372 0.0271292372        0     5809    69717
   74    72 0.0271292372 0.0271292372        0     5809    69717
   75     8 0.0067823093 0.0067823093     5809    11619    69717
   75    44 0.0067823093 0.0067823093     5809    11619    69717
   75    80 0.0067823093 0.0067823093     5809    11619    69717
   76    75 0.0271292372 0.0271292372     5809    11619    69717
   77    75 0.0271292372 0.0271292372     5809    11619    69717
   78    11 0.0067823093 0.0067823093    11619    17428    69717
   78    47 0.0067823093 0.0067823093    11619    17428    69717
   78    83 0.0067823093 0.0067823093    11619    17428    69717
   79    78 0.0271292372 0.0271292372    11619    17428    69717
   80    78 0.0271292372 0.0271292372    11619    17428    69717
   81    20 0.0067823093 0.0067823093    17428    23238    69717
   81    21 0.0067823093 0.0067823093    17428    23238    69717
   81    22 0.0067823093 0.0067823093    17428    23238    69717
   81    23 0.0067823093 0.0067823093    17428    23238    69717
   81    56 0.0067823093 0.0067823093    17428    23238    69717
   81    57 0.0067823093 0.0067823093    17428    23238    69717
   81    58 0.0067823093 0.0067823093    17428    23238    69717
   81    59 0.0067823093 0.0067823093    17428    23238    69717
   81    92 0.0067823093 0.0067823093    17428    23238    69717
   81    93 0.0067823093 0.0067823093    17428    23238    69717
   81    94 0.0067823093 0.0067823093    17428    23238    69717
   81    95 0.0067823093 0.0067823093    17428    23238    69717
   81    96 0.0008477256 0.0008477256    23238    69716    69717
   82    81 0.0271292372 0.0271292372    17428    23238    69717
   83    81 0.0271292372 0.0271292372    17428    23238    69717
   84    26 0.0016954652 0.0016954652    23238    46477    69717
   84    62 0.0016954652 0.0016954652    23238    46477    69717
   84    98 0.0016954652 0.0016954652    23238    46477    69717
   85    29 0.0016954652 0.0016954652    23238    46477    69717
   85    65 0.0016954652 0.0016954652    23238    46477    69717
   85   101 0.0016954652 0.0016954652    23238    46477    69717
   86    32 0.0016954652 0.0016954652    23238    46477    69717
   86    68 0.0016954652 0.0016954652    23238    46477    69717
   86   104 0.0016954652 0.0016954652    23238    46477    69717
   87    35 0.0016954652 0.0016954652    23238    46477    69717
   87    71 0.0016954652 0.0016954652    23238    46477    69717
   87   107 0.0016954652 0.0016954652    23238    46477    69717
   88    84 0.0067818603 0.0067818603    23238    46477    69717
   89    85 0.0067818603 0.0067818603    23238    46477    69717
   90    86 0.0067818603 0.0067818603    23238    46477    69717
   91    87 0.0067818603 0.0067818603    23238    46477    69717
   92    84 0.0067818603 0.0067818603    23238    46477    69717
   93    85 0.0067818603 0.0067818603    23238    46477    69717
   94    86 0.0067818603 0.0067818603    23238    46477    69717
   95    87 0.0067818603 0.0067818603    23238    46477    69717
   97    96 0.0067818603 0.0067818603    46477    69716    69717
   98    96 0.0067818603 0.0067818603    46477    69716    69717
   99    96 0.0067818603 0.0067818603    46477    69716    69717
  100    96 0.0067818603 0.0067818603    46477    69716    69717
  101    96 0.0067818603 0.0067818603    46477    69716    69717
  102    96 0.0067818603 0.0067818603    46477    69716    69717
  103    96 0.0067818603 0.0067818603    46477    69716    69717
  104    96 0.0067818603 0.0067818603    46477    69716    69717
  105    96 0.0067818603 0.0067818603    46477    69716    69717
  106    96 0.0067818603 0.0067818603    46477    69716    69717
  107    96 0.0067818603 0.0067818603    46477    69716    69717
