% transformer_12blk  crossbar 256x256  96 xb/tile  N_bits=8  mesh 7x7x3 (147 nodes)
% generated by stage2_dnn_full.py -- see STAGE2.md SS9.3a-c
% crossbars=10368  tiles=120  occupancy=82%
% run with:  -size 16 16 -dimx 7 -dimy 7 -dimz 3 -traffic table traffics_dnn/transformer_12blk_xb256_96pt_7x7x3.txt
% sweep with: WARMUP_DP_CYCLES=3 SIM_DP_CYCLES=80  (DP_CYCLE=4998, SIM=399840, 0.2 inference passes measured)
% LOAD_SCALE=0.05  CYCLES_PER_MAC=0.00013  t_period=2175145  implied_FPS=23
% phases: 72 trunk + 24 shortcut windows
% src dst pir por t_on t_off t_period
    0     1 0.0019563382 0.0019563382        0    60420  2175145
    0    49 0.0078257415 0.0078257415    15105    30210  2175145
    1     2 0.0019563059 0.0019563059    60420   120841  2175145
    1     3 0.0003260483 0.0003260483    60420   181262  2175145
    1    50 0.0019563059 0.0019563059    60420   120841  2175145
    1    51 0.0003260483 0.0003260483    60420   181262  2175145
    1    99 0.0019563059 0.0019563059    60420   120841  2175145
    1   100 0.0003260483 0.0003260483    60420   181262  2175145
    2     3 0.0026084078 0.0026084078   120841   181262  2175145
    2    51 0.0026084078 0.0026084078   120841   181262  2175145
    2   100 0.0026084078 0.0026084078   120841   181262  2175145
    3    52 0.0026085805 0.0026085805   181262   196367  2175145
    3    53 0.0006521127 0.0006521127   181262   241682  2175145
    4    53 0.0078257415 0.0078257415   226577   241682  2175145
    5     6 0.0026084078 0.0026084078   302103   362524  2175145
    5    55 0.0026084078 0.0026084078   302103   362524  2175145
    5   103 0.0026084078 0.0026084078   302103   362524  2175145
    6   104 0.0026085805 0.0026085805   362524   377629  2175145
    6   105 0.0006521127 0.0006521127   362524   422944  2175145
    7    56 0.0078257415 0.0078257415   392734   407839  2175145
    8     9 0.0026084078 0.0026084078   483365   543786  2175145
    8    58 0.0026084078 0.0026084078   483365   543786  2175145
    8   107 0.0026084078 0.0026084078   483365   543786  2175145
    9    10 0.0026085805 0.0026085805   543786   558891  2175145
    9    11 0.0006521127 0.0006521127   543786   604206  2175145
   10    59 0.0078257415 0.0078257415   558891   573996  2175145
   11    12 0.0019563059 0.0019563059   604206   664627  2175145
   11    13 0.0003260483 0.0003260483   604206   725048  2175145
   11    60 0.0019563059 0.0019563059   604206   664627  2175145
   11    61 0.0003260483 0.0003260483   604206   725048  2175145
   11   109 0.0019563059 0.0019563059   604206   664627  2175145
   11   110 0.0003260483 0.0003260483   604206   725048  2175145
   12    13 0.0026084078 0.0026084078   664627   725048  2175145
   12    61 0.0026084078 0.0026084078   664627   725048  2175145
   12   110 0.0026084078 0.0026084078   664627   725048  2175145
   13    62 0.0026085805 0.0026085805   725048   740153  2175145
   13    63 0.0006521127 0.0006521127   725048   785468  2175145
   14    63 0.0078257415 0.0078257415   770363   785468  2175145
   15    16 0.0026084078 0.0026084078   845889   906310  2175145
   15    65 0.0026084078 0.0026084078   845889   906310  2175145
   15   113 0.0026084078 0.0026084078   845889   906310  2175145
   16   114 0.0026085805 0.0026085805   906310   921415  2175145
   16   115 0.0006521127 0.0006521127   906310   966730  2175145
   17    66 0.0078257415 0.0078257415   936520   951625  2175145
   18    19 0.0026084078 0.0026084078  1027151  1087572  2175145
   18    68 0.0026084078 0.0026084078  1027151  1087572  2175145
   18   117 0.0026084078 0.0026084078  1027151  1087572  2175145
   19    20 0.0026085805 0.0026085805  1087572  1102677  2175145
   19    21 0.0006521127 0.0006521127  1087572  1147992  2175145
   20    69 0.0078257415 0.0078257415  1102677  1117782  2175145
   21    22 0.0019563059 0.0019563059  1147992  1208413  2175145
   21    23 0.0003260483 0.0003260483  1147992  1268834  2175145
   21    70 0.0019563059 0.0019563059  1147992  1208413  2175145
   21    71 0.0003260483 0.0003260483  1147992  1268834  2175145
   21   119 0.0019563059 0.0019563059  1147992  1208413  2175145
   21   120 0.0003260483 0.0003260483  1147992  1268834  2175145
   22    23 0.0026084078 0.0026084078  1208413  1268834  2175145
   22    71 0.0026084078 0.0026084078  1208413  1268834  2175145
   22   120 0.0026084078 0.0026084078  1208413  1268834  2175145
   23    72 0.0026085805 0.0026085805  1268834  1283939  2175145
   23    73 0.0006521127 0.0006521127  1268834  1329254  2175145
   24    73 0.0078257415 0.0078257415  1314149  1329254  2175145
   25    26 0.0026084078 0.0026084078  1389675  1450096  2175145
   25    75 0.0026084078 0.0026084078  1389675  1450096  2175145
   25   123 0.0026084078 0.0026084078  1389675  1450096  2175145
   26   124 0.0026085805 0.0026085805  1450096  1465201  2175145
   26   125 0.0006521127 0.0006521127  1450096  1510516  2175145
   27    76 0.0078257415 0.0078257415  1480306  1495411  2175145
   28    29 0.0026084078 0.0026084078  1570937  1631358  2175145
   28    78 0.0026084078 0.0026084078  1570937  1631358  2175145
   28   127 0.0026084078 0.0026084078  1570937  1631358  2175145
   29    30 0.0026085805 0.0026085805  1631358  1646463  2175145
   29    31 0.0006521127 0.0006521127  1631358  1691778  2175145
   30    79 0.0078257415 0.0078257415  1646463  1661568  2175145
   31    32 0.0019563059 0.0019563059  1691778  1752199  2175145
   31    33 0.0003260483 0.0003260483  1691778  1812620  2175145
   31    80 0.0019563059 0.0019563059  1691778  1752199  2175145
   31    81 0.0003260483 0.0003260483  1691778  1812620  2175145
   31   129 0.0019563059 0.0019563059  1691778  1752199  2175145
   31   130 0.0003260483 0.0003260483  1691778  1812620  2175145
   32    33 0.0026084078 0.0026084078  1752199  1812620  2175145
   32    81 0.0026084078 0.0026084078  1752199  1812620  2175145
   32   130 0.0026084078 0.0026084078  1752199  1812620  2175145
   33    82 0.0026085805 0.0026085805  1812620  1827725  2175145
   33    83 0.0006521127 0.0006521127  1812620  1873040  2175145
   34    83 0.0078257415 0.0078257415  1857935  1873040  2175145
   35    36 0.0026084078 0.0026084078  1933461  1993882  2175145
   35    85 0.0026084078 0.0026084078  1933461  1993882  2175145
   35   133 0.0026084078 0.0026084078  1933461  1993882  2175145
   36   134 0.0026085805 0.0026085805  1993882  2008987  2175145
   36   135 0.0006521127 0.0006521127  1993882  2054302  2175145
   37    86 0.0078257415 0.0078257415  2024092  2039197  2175145
   38    39 0.0026084078 0.0026084078  2114723  2175144  2175145
   38    88 0.0026084078 0.0026084078  2114723  2175144  2175145
   38   137 0.0026084078 0.0026084078  2114723  2175144  2175145
   49    98 0.0078257415 0.0078257415    30210    45315  2175145
   50     3 0.0026084078 0.0026084078   120841   181262  2175145
   50    51 0.0026084078 0.0026084078   120841   181262  2175145
   50   100 0.0026084078 0.0026084078   120841   181262  2175145
   51    52 0.0026085805 0.0026085805   181262   196367  2175145
   51    53 0.0006521127 0.0006521127   181262   241682  2175145
   52   101 0.0078257415 0.0078257415   196367   211472  2175145
   53     5 0.0019563059 0.0019563059   241682   302103  2175145
   53     6 0.0003260483 0.0003260483   241682   362524  2175145
   53    54 0.0019563059 0.0019563059   241682   302103  2175145
   53    55 0.0003260483 0.0003260483   241682   362524  2175145
   53   102 0.0019563059 0.0019563059   241682   302103  2175145
   53   103 0.0003260483 0.0003260483   241682   362524  2175145
   54     6 0.0026084078 0.0026084078   302103   362524  2175145
   54    55 0.0026084078 0.0026084078   302103   362524  2175145
   54   103 0.0026084078 0.0026084078   302103   362524  2175145
   55   104 0.0026085805 0.0026085805   362524   377629  2175145
   55   105 0.0006521127 0.0006521127   362524   422944  2175145
   56   105 0.0078257415 0.0078257415   407839   422944  2175145
   57     9 0.0026084078 0.0026084078   483365   543786  2175145
   57    58 0.0026084078 0.0026084078   483365   543786  2175145
   57   107 0.0026084078 0.0026084078   483365   543786  2175145
   58    10 0.0026085805 0.0026085805   543786   558891  2175145
   58    11 0.0006521127 0.0006521127   543786   604206  2175145
   59   108 0.0078257415 0.0078257415   573996   589101  2175145
   60    13 0.0026084078 0.0026084078   664627   725048  2175145
   60    61 0.0026084078 0.0026084078   664627   725048  2175145
   60   110 0.0026084078 0.0026084078   664627   725048  2175145
   61    62 0.0026085805 0.0026085805   725048   740153  2175145
   61    63 0.0006521127 0.0006521127   725048   785468  2175145
   62   111 0.0078257415 0.0078257415   740153   755258  2175145
   63    15 0.0019563059 0.0019563059   785468   845889  2175145
   63    16 0.0003260483 0.0003260483   785468   906310  2175145
   63    64 0.0019563059 0.0019563059   785468   845889  2175145
   63    65 0.0003260483 0.0003260483   785468   906310  2175145
   63   112 0.0019563059 0.0019563059   785468   845889  2175145
   63   113 0.0003260483 0.0003260483   785468   906310  2175145
   64    16 0.0026084078 0.0026084078   845889   906310  2175145
   64    65 0.0026084078 0.0026084078   845889   906310  2175145
   64   113 0.0026084078 0.0026084078   845889   906310  2175145
   65   114 0.0026085805 0.0026085805   906310   921415  2175145
   65   115 0.0006521127 0.0006521127   906310   966730  2175145
   66   115 0.0078257415 0.0078257415   951625   966730  2175145
   67    19 0.0026084078 0.0026084078  1027151  1087572  2175145
   67    68 0.0026084078 0.0026084078  1027151  1087572  2175145
   67   117 0.0026084078 0.0026084078  1027151  1087572  2175145
   68    20 0.0026085805 0.0026085805  1087572  1102677  2175145
   68    21 0.0006521127 0.0006521127  1087572  1147992  2175145
   69   118 0.0078257415 0.0078257415  1117782  1132887  2175145
   70    23 0.0026084078 0.0026084078  1208413  1268834  2175145
   70    71 0.0026084078 0.0026084078  1208413  1268834  2175145
   70   120 0.0026084078 0.0026084078  1208413  1268834  2175145
   71    72 0.0026085805 0.0026085805  1268834  1283939  2175145
   71    73 0.0006521127 0.0006521127  1268834  1329254  2175145
   72   121 0.0078257415 0.0078257415  1283939  1299044  2175145
   73    25 0.0019563059 0.0019563059  1329254  1389675  2175145
   73    26 0.0003260483 0.0003260483  1329254  1450096  2175145
   73    74 0.0019563059 0.0019563059  1329254  1389675  2175145
   73    75 0.0003260483 0.0003260483  1329254  1450096  2175145
   73   122 0.0019563059 0.0019563059  1329254  1389675  2175145
   73   123 0.0003260483 0.0003260483  1329254  1450096  2175145
   74    26 0.0026084078 0.0026084078  1389675  1450096  2175145
   74    75 0.0026084078 0.0026084078  1389675  1450096  2175145
   74   123 0.0026084078 0.0026084078  1389675  1450096  2175145
   75   124 0.0026085805 0.0026085805  1450096  1465201  2175145
   75   125 0.0006521127 0.0006521127  1450096  1510516  2175145
   76   125 0.0078257415 0.0078257415  1495411  1510516  2175145
   77    29 0.0026084078 0.0026084078  1570937  1631358  2175145
   77    78 0.0026084078 0.0026084078  1570937  1631358  2175145
   77   127 0.0026084078 0.0026084078  1570937  1631358  2175145
   78    30 0.0026085805 0.0026085805  1631358  1646463  2175145
   78    31 0.0006521127 0.0006521127  1631358  1691778  2175145
   79   128 0.0078257415 0.0078257415  1661568  1676673  2175145
   80    33 0.0026084078 0.0026084078  1752199  1812620  2175145
   80    81 0.0026084078 0.0026084078  1752199  1812620  2175145
   80   130 0.0026084078 0.0026084078  1752199  1812620  2175145
   81    82 0.0026085805 0.0026085805  1812620  1827725  2175145
   81    83 0.0006521127 0.0006521127  1812620  1873040  2175145
   82   131 0.0078257415 0.0078257415  1827725  1842830  2175145
   83    35 0.0019563059 0.0019563059  1873040  1933461  2175145
   83    36 0.0003260483 0.0003260483  1873040  1993882  2175145
   83    84 0.0019563059 0.0019563059  1873040  1933461  2175145
   83    85 0.0003260483 0.0003260483  1873040  1993882  2175145
   83   132 0.0019563059 0.0019563059  1873040  1933461  2175145
   83   133 0.0003260483 0.0003260483  1873040  1993882  2175145
   84    36 0.0026084078 0.0026084078  1933461  1993882  2175145
   84    85 0.0026084078 0.0026084078  1933461  1993882  2175145
   84   133 0.0026084078 0.0026084078  1933461  1993882  2175145
   85   134 0.0026085805 0.0026085805  1993882  2008987  2175145
   85   135 0.0006521127 0.0006521127  1993882  2054302  2175145
   86   135 0.0078257415 0.0078257415  2039197  2054302  2175145
   87    39 0.0026084078 0.0026084078  2114723  2175144  2175145
   87    88 0.0026084078 0.0026084078  2114723  2175144  2175145
   87   137 0.0026084078 0.0026084078  2114723  2175144  2175145
   98     1 0.0078257415 0.0078257415    45315    60420  2175145
   99     3 0.0026084078 0.0026084078   120841   181262  2175145
   99    51 0.0026084078 0.0026084078   120841   181262  2175145
   99   100 0.0026084078 0.0026084078   120841   181262  2175145
  100    52 0.0026085805 0.0026085805   181262   196367  2175145
  100    53 0.0006521127 0.0006521127   181262   241682  2175145
  101     4 0.0078257415 0.0078257415   211472   226577  2175145
  102     6 0.0026084078 0.0026084078   302103   362524  2175145
  102    55 0.0026084078 0.0026084078   302103   362524  2175145
  102   103 0.0026084078 0.0026084078   302103   362524  2175145
  103   104 0.0026085805 0.0026085805   362524   377629  2175145
  103   105 0.0006521127 0.0006521127   362524   422944  2175145
  104     7 0.0078257415 0.0078257415   377629   392734  2175145
  105     8 0.0019563059 0.0019563059   422944   483365  2175145
  105     9 0.0003260483 0.0003260483   422944   543786  2175145
  105    57 0.0019563059 0.0019563059   422944   483365  2175145
  105    58 0.0003260483 0.0003260483   422944   543786  2175145
  105   106 0.0019563059 0.0019563059   422944   483365  2175145
  105   107 0.0003260483 0.0003260483   422944   543786  2175145
  106     9 0.0026084078 0.0026084078   483365   543786  2175145
  106    58 0.0026084078 0.0026084078   483365   543786  2175145
  106   107 0.0026084078 0.0026084078   483365   543786  2175145
  107    10 0.0026085805 0.0026085805   543786   558891  2175145
  107    11 0.0006521127 0.0006521127   543786   604206  2175145
  108    11 0.0078257415 0.0078257415   589101   604206  2175145
  109    13 0.0026084078 0.0026084078   664627   725048  2175145
  109    61 0.0026084078 0.0026084078   664627   725048  2175145
  109   110 0.0026084078 0.0026084078   664627   725048  2175145
  110    62 0.0026085805 0.0026085805   725048   740153  2175145
  110    63 0.0006521127 0.0006521127   725048   785468  2175145
  111    14 0.0078257415 0.0078257415   755258   770363  2175145
  112    16 0.0026084078 0.0026084078   845889   906310  2175145
  112    65 0.0026084078 0.0026084078   845889   906310  2175145
  112   113 0.0026084078 0.0026084078   845889   906310  2175145
  113   114 0.0026085805 0.0026085805   906310   921415  2175145
  113   115 0.0006521127 0.0006521127   906310   966730  2175145
  114    17 0.0078257415 0.0078257415   921415   936520  2175145
  115    18 0.0019563059 0.0019563059   966730  1027151  2175145
  115    19 0.0003260483 0.0003260483   966730  1087572  2175145
  115    67 0.0019563059 0.0019563059   966730  1027151  2175145
  115    68 0.0003260483 0.0003260483   966730  1087572  2175145
  115   116 0.0019563059 0.0019563059   966730  1027151  2175145
  115   117 0.0003260483 0.0003260483   966730  1087572  2175145
  116    19 0.0026084078 0.0026084078  1027151  1087572  2175145
  116    68 0.0026084078 0.0026084078  1027151  1087572  2175145
  116   117 0.0026084078 0.0026084078  1027151  1087572  2175145
  117    20 0.0026085805 0.0026085805  1087572  1102677  2175145
  117    21 0.0006521127 0.0006521127  1087572  1147992  2175145
  118    21 0.0078257415 0.0078257415  1132887  1147992  2175145
  119    23 0.0026084078 0.0026084078  1208413  1268834  2175145
  119    71 0.0026084078 0.0026084078  1208413  1268834  2175145
  119   120 0.0026084078 0.0026084078  1208413  1268834  2175145
  120    72 0.0026085805 0.0026085805  1268834  1283939  2175145
  120    73 0.0006521127 0.0006521127  1268834  1329254  2175145
  121    24 0.0078257415 0.0078257415  1299044  1314149  2175145
  122    26 0.0026084078 0.0026084078  1389675  1450096  2175145
  122    75 0.0026084078 0.0026084078  1389675  1450096  2175145
  122   123 0.0026084078 0.0026084078  1389675  1450096  2175145
  123   124 0.0026085805 0.0026085805  1450096  1465201  2175145
  123   125 0.0006521127 0.0006521127  1450096  1510516  2175145
  124    27 0.0078257415 0.0078257415  1465201  1480306  2175145
  125    28 0.0019563059 0.0019563059  1510516  1570937  2175145
  125    29 0.0003260483 0.0003260483  1510516  1631358  2175145
  125    77 0.0019563059 0.0019563059  1510516  1570937  2175145
  125    78 0.0003260483 0.0003260483  1510516  1631358  2175145
  125   126 0.0019563059 0.0019563059  1510516  1570937  2175145
  125   127 0.0003260483 0.0003260483  1510516  1631358  2175145
  126    29 0.0026084078 0.0026084078  1570937  1631358  2175145
  126    78 0.0026084078 0.0026084078  1570937  1631358  2175145
  126   127 0.0026084078 0.0026084078  1570937  1631358  2175145
  127    30 0.0026085805 0.0026085805  1631358  1646463  2175145
  127    31 0.0006521127 0.0006521127  1631358  1691778  2175145
  128    31 0.0078257415 0.0078257415  1676673  1691778  2175145
  129    33 0.0026084078 0.0026084078  1752199  1812620  2175145
  129    81 0.0026084078 0.0026084078  1752199  1812620  2175145
  129   130 0.0026084078 0.0026084078  1752199  1812620  2175145
  130    82 0.0026085805 0.0026085805  1812620  1827725  2175145
  130    83 0.0006521127 0.0006521127  1812620  1873040  2175145
  131    34 0.0078257415 0.0078257415  1842830  1857935  2175145
  132    36 0.0026084078 0.0026084078  1933461  1993882  2175145
  132    85 0.0026084078 0.0026084078  1933461  1993882  2175145
  132   133 0.0026084078 0.0026084078  1933461  1993882  2175145
  133   134 0.0026085805 0.0026085805  1993882  2008987  2175145
  133   135 0.0006521127 0.0006521127  1993882  2054302  2175145
  134    37 0.0078257415 0.0078257415  2008987  2024092  2175145
  135    38 0.0019563059 0.0019563059  2054302  2114723  2175145
  135    39 0.0003260483 0.0003260483  2054302  2175144  2175145
  135    87 0.0019563059 0.0019563059  2054302  2114723  2175145
  135    88 0.0003260483 0.0003260483  2054302  2175144  2175145
  135   136 0.0019563059 0.0019563059  2054302  2114723  2175145
  135   137 0.0003260483 0.0003260483  2054302  2175144  2175145
  136    39 0.0026084078 0.0026084078  2114723  2175144  2175145
  136    88 0.0026084078 0.0026084078  2114723  2175144  2175145
  136   137 0.0026084078 0.0026084078  2114723  2175144  2175145
