% vgg16_block3  crossbar 128x128  mesh 6x6x3 (108 nodes)
% generated by stage2_core.py -- see STAGE2.md
% run with:  -size 16 16 -dimx 6 -dimy 6 -dimz 3 -traffic table traffics_dnn/vgg16_block3_xb128_6x6x3.txt
% sweep with: WARMUP_DP_CYCLES=3 SIM_DP_CYCLES=80  (DP_CYCLE=3240, SIM=259200, 0.4 block passes measured)
% LOAD_SCALE=0.05  CYCLES_PER_MAC=0.00013  t_period=601148
% phases:  conv5=[0,120229)  conv6=[120229,360688)  conv7=[360688,601147)
% src dst pir por t_on t_off t_period
    0    12 0.0001528333 0.0001528333   120229   360688   601148
    0    13 0.0001528333 0.0001528333   120229   360688   601148
    0    14 0.0001528333 0.0001528333   120229   360688   601148
    0    15 0.0001630222 0.0001630222   120229   360688   601148
    0    16 0.0001528333 0.0001528333   120229   360688   601148
    0    17 0.0001528333 0.0001528333   120229   360688   601148
    0    48 0.0001528333 0.0001528333   120229   360688   601148
    0    49 0.0001528333 0.0001528333   120229   360688   601148
    0    50 0.0001528333 0.0001528333   120229   360688   601148
    0    51 0.0001528333 0.0001528333   120229   360688   601148
    0    52 0.0001528333 0.0001528333   120229   360688   601148
    0    53 0.0001528333 0.0001528333   120229   360688   601148
    0    84 0.0001528333 0.0001528333   120229   360688   601148
    0    85 0.0001528333 0.0001528333   120229   360688   601148
    0    86 0.0001630222 0.0001630222   120229   360688   601148
    0    87 0.0001528333 0.0001528333   120229   360688   601148
    0    88 0.0001528333 0.0001528333   120229   360688   601148
    0    89 0.0001528333 0.0001528333   120229   360688   601148
    1    36 0.0052167114 0.0052167114   120229   360688   601148
    2     0 0.0052167114 0.0052167114   120229   360688   601148
    3    36 0.0052167114 0.0052167114   120229   360688   601148
    4     0 0.0052167114 0.0052167114   120229   360688   601148
    5    36 0.0052167114 0.0052167114   120229   360688   601148
    6     0 0.0052167114 0.0052167114   120229   360688   601148
    7    36 0.0052167114 0.0052167114   120229   360688   601148
    8     0 0.0052167114 0.0052167114   120229   360688   601148
    9    36 0.0052167114 0.0052167114   120229   360688   601148
   10     0 0.0052167114 0.0052167114   120229   360688   601148
   11    36 0.0052167114 0.0052167114   120229   360688   601148
   13    48 0.0052167114 0.0052167114   360688   601147   601148
   14    12 0.0052167114 0.0052167114   360688   601147   601148
   15    48 0.0052167114 0.0052167114   360688   601147   601148
   16    12 0.0052167114 0.0052167114   360688   601147   601148
   17    48 0.0052167114 0.0052167114   360688   601147   601148
   18    12 0.0052167114 0.0052167114   360688   601147   601148
   19    48 0.0052167114 0.0052167114   360688   601147   601148
   20    12 0.0052167114 0.0052167114   360688   601147   601148
   21    48 0.0052167114 0.0052167114   360688   601147   601148
   22    12 0.0052167114 0.0052167114   360688   601147   601148
   23    48 0.0052167114 0.0052167114   360688   601147   601148
   24     0 0.0003056692 0.0003056692        0   120229   601148
   24     1 0.0003056692 0.0003056692        0   120229   601148
   24     2 0.0003056692 0.0003056692        0   120229   601148
   24     3 0.0003260472 0.0003260472        0   120229   601148
   24     4 0.0003056692 0.0003056692        0   120229   601148
   24     5 0.0003056692 0.0003056692        0   120229   601148
   24    25 0.0000203779 0.0000203779        0   120229   601148
   24    36 0.0003056692 0.0003056692        0   120229   601148
   24    37 0.0003056692 0.0003056692        0   120229   601148
   24    38 0.0003056692 0.0003056692        0   120229   601148
   24    39 0.0003056692 0.0003056692        0   120229   601148
   24    40 0.0003056692 0.0003056692        0   120229   601148
   24    41 0.0003056692 0.0003056692        0   120229   601148
   24    60 0.0003056692 0.0003056692        0   120229   601148
   24    72 0.0003056692 0.0003056692        0   120229   601148
   24    73 0.0003056692 0.0003056692        0   120229   601148
   24    74 0.0003260472 0.0003260472        0   120229   601148
   24    75 0.0003056692 0.0003056692        0   120229   601148
   24    76 0.0003056692 0.0003056692        0   120229   601148
   24    77 0.0003056692 0.0003056692        0   120229   601148
   24    96 0.0000203779 0.0000203779        0   120229   601148
   25    60 0.0104335097 0.0104335097        0   120229   601148
   26    24 0.0104335097 0.0104335097        0   120229   601148
   26    30 0.0000203779 0.0000203779        0   120229   601148
   26    61 0.0000203779 0.0000203779        0   120229   601148
   26    62 0.0003056692 0.0003056692        0   120229   601148
   26    97 0.0000203779 0.0000203779        0   120229   601148
   26    98 0.0000203779 0.0000203779        0   120229   601148
   30    60 0.0104335097 0.0104335097        0   120229   601148
   31    24 0.0104335097 0.0104335097        0   120229   601148
   31    32 0.0000203779 0.0000203779        0   120229   601148
   31    66 0.0000203779 0.0000203779        0   120229   601148
   31    67 0.0003056692 0.0003056692        0   120229   601148
   31   102 0.0000203779 0.0000203779        0   120229   601148
   31   103 0.0000203779 0.0000203779        0   120229   601148
   32    60 0.0104335097 0.0104335097        0   120229   601148
   36    18 0.0001528333 0.0001528333   120229   360688   601148
   36    19 0.0001528333 0.0001528333   120229   360688   601148
   36    20 0.0001528333 0.0001528333   120229   360688   601148
   36    21 0.0001630222 0.0001630222   120229   360688   601148
   36    22 0.0001528333 0.0001528333   120229   360688   601148
   36    23 0.0001528333 0.0001528333   120229   360688   601148
   36    54 0.0001528333 0.0001528333   120229   360688   601148
   36    55 0.0001528333 0.0001528333   120229   360688   601148
   36    56 0.0001528333 0.0001528333   120229   360688   601148
   36    57 0.0001528333 0.0001528333   120229   360688   601148
   36    58 0.0001528333 0.0001528333   120229   360688   601148
   36    59 0.0001528333 0.0001528333   120229   360688   601148
   36    90 0.0001528333 0.0001528333   120229   360688   601148
   36    91 0.0001528333 0.0001528333   120229   360688   601148
   36    92 0.0001630222 0.0001630222   120229   360688   601148
   36    93 0.0001528333 0.0001528333   120229   360688   601148
   36    94 0.0001528333 0.0001528333   120229   360688   601148
   36    95 0.0001528333 0.0001528333   120229   360688   601148
   37     0 0.0052167114 0.0052167114   120229   360688   601148
   38    36 0.0052167114 0.0052167114   120229   360688   601148
   39     0 0.0052167114 0.0052167114   120229   360688   601148
   40    36 0.0052167114 0.0052167114   120229   360688   601148
   41     0 0.0052167114 0.0052167114   120229   360688   601148
   42    36 0.0052167114 0.0052167114   120229   360688   601148
   43     0 0.0052167114 0.0052167114   120229   360688   601148
   44    36 0.0052167114 0.0052167114   120229   360688   601148
   45     0 0.0052167114 0.0052167114   120229   360688   601148
   46    36 0.0052167114 0.0052167114   120229   360688   601148
   47     0 0.0052167114 0.0052167114   120229   360688   601148
   49    12 0.0052167114 0.0052167114   360688   601147   601148
   50    48 0.0052167114 0.0052167114   360688   601147   601148
   51    12 0.0052167114 0.0052167114   360688   601147   601148
   52    48 0.0052167114 0.0052167114   360688   601147   601148
   53    12 0.0052167114 0.0052167114   360688   601147   601148
   54    48 0.0052167114 0.0052167114   360688   601147   601148
   55    12 0.0052167114 0.0052167114   360688   601147   601148
   56    48 0.0052167114 0.0052167114   360688   601147   601148
   57    12 0.0052167114 0.0052167114   360688   601147   601148
   58    48 0.0052167114 0.0052167114   360688   601147   601148
   59    12 0.0052167114 0.0052167114   360688   601147   601148
   60     6 0.0003056692 0.0003056692        0   120229   601148
   60     7 0.0003056692 0.0003056692        0   120229   601148
   60     8 0.0003056692 0.0003056692        0   120229   601148
   60     9 0.0003260472 0.0003260472        0   120229   601148
   60    10 0.0003056692 0.0003056692        0   120229   601148
   60    11 0.0003056692 0.0003056692        0   120229   601148
   60    42 0.0003056692 0.0003056692        0   120229   601148
   60    43 0.0003056692 0.0003056692        0   120229   601148
   60    44 0.0003056692 0.0003056692        0   120229   601148
   60    45 0.0003056692 0.0003056692        0   120229   601148
   60    46 0.0003056692 0.0003056692        0   120229   601148
   60    47 0.0003056692 0.0003056692        0   120229   601148
   60    78 0.0003056692 0.0003056692        0   120229   601148
   60    79 0.0003056692 0.0003056692        0   120229   601148
   60    80 0.0003260472 0.0003260472        0   120229   601148
   60    81 0.0003056692 0.0003056692        0   120229   601148
   60    82 0.0003056692 0.0003056692        0   120229   601148
   60    83 0.0003056692 0.0003056692        0   120229   601148
   61    24 0.0104335097 0.0104335097        0   120229   601148
   61    25 0.0000203779 0.0000203779        0   120229   601148
   61    26 0.0000203779 0.0000203779        0   120229   601148
   61    62 0.0000203779 0.0000203779        0   120229   601148
   61    96 0.0000203779 0.0000203779        0   120229   601148
   61    97 0.0003056692 0.0003056692        0   120229   601148
   62    60 0.0104335097 0.0104335097        0   120229   601148
   66    24 0.0104335097 0.0104335097        0   120229   601148
   66    30 0.0000203779 0.0000203779        0   120229   601148
   66    31 0.0000203779 0.0000203779        0   120229   601148
   66    67 0.0000203779 0.0000203779        0   120229   601148
   66    98 0.0000203779 0.0000203779        0   120229   601148
   66   102 0.0003056692 0.0003056692        0   120229   601148
   67    60 0.0104335097 0.0104335097        0   120229   601148
   68    24 0.0104335097 0.0104335097        0   120229   601148
   68    32 0.0000203779 0.0000203779        0   120229   601148
   68   103 0.0000203779 0.0000203779        0   120229   601148
   68   104 0.0003056692 0.0003056692        0   120229   601148
   72     0 0.0052167114 0.0052167114   120229   360688   601148
   73    36 0.0052167114 0.0052167114   120229   360688   601148
   74     0 0.0052167114 0.0052167114   120229   360688   601148
   75    36 0.0052167114 0.0052167114   120229   360688   601148
   76     0 0.0052167114 0.0052167114   120229   360688   601148
   77    36 0.0052167114 0.0052167114   120229   360688   601148
   78     0 0.0052167114 0.0052167114   120229   360688   601148
   79    36 0.0052167114 0.0052167114   120229   360688   601148
   80     0 0.0052167114 0.0052167114   120229   360688   601148
   81    36 0.0052167114 0.0052167114   120229   360688   601148
   82     0 0.0052167114 0.0052167114   120229   360688   601148
   83    36 0.0052167114 0.0052167114   120229   360688   601148
   84    12 0.0052167114 0.0052167114   360688   601147   601148
   85    48 0.0052167114 0.0052167114   360688   601147   601148
   86    12 0.0052167114 0.0052167114   360688   601147   601148
   87    48 0.0052167114 0.0052167114   360688   601147   601148
   88    12 0.0052167114 0.0052167114   360688   601147   601148
   89    48 0.0052167114 0.0052167114   360688   601147   601148
   90    12 0.0052167114 0.0052167114   360688   601147   601148
   91    48 0.0052167114 0.0052167114   360688   601147   601148
   92    12 0.0052167114 0.0052167114   360688   601147   601148
   93    48 0.0052167114 0.0052167114   360688   601147   601148
   94    12 0.0052167114 0.0052167114   360688   601147   601148
   95    48 0.0052167114 0.0052167114   360688   601147   601148
   96    24 0.0104538876 0.0104538876        0   120229   601148
   96    25 0.0003056692 0.0003056692        0   120229   601148
   96    60 0.0000203779 0.0000203779        0   120229   601148
   96    61 0.0000203779 0.0000203779        0   120229   601148
   96    97 0.0000203779 0.0000203779        0   120229   601148
   97    60 0.0104335097 0.0104335097        0   120229   601148
   98    24 0.0104335097 0.0104335097        0   120229   601148
   98    26 0.0000203779 0.0000203779        0   120229   601148
   98    30 0.0003260472 0.0003260472        0   120229   601148
   98    62 0.0000203779 0.0000203779        0   120229   601148
   98    66 0.0000203779 0.0000203779        0   120229   601148
   98   102 0.0000203779 0.0000203779        0   120229   601148
  102    60 0.0104335097 0.0104335097        0   120229   601148
  103    24 0.0104335097 0.0104335097        0   120229   601148
  103    31 0.0000203779 0.0000203779        0   120229   601148
  103    32 0.0003056692 0.0003056692        0   120229   601148
  103    67 0.0000203779 0.0000203779        0   120229   601148
  103    68 0.0000203779 0.0000203779        0   120229   601148
  103   104 0.0000203779 0.0000203779        0   120229   601148
  104    60 0.0104335097 0.0104335097        0   120229   601148
