% vgg16_block3  crossbar 128x128  mesh 6x6x3 (108 nodes)
% generated by stage2_core.py -- see STAGE2.md
% run with:  -size 16 16 -dimx 6 -dimy 6 -dimz 3 -traffic table traffics_dnn/vgg16_block3_xb128_6x6x3.txt
% sweep with: WARMUP_DP_CYCLES=3 SIM_DP_CYCLES=80  (DP_CYCLE=3240, SIM=259200, 0.4 block passes measured)
% LOAD_SCALE=0.05  CYCLES_PER_MAC=1e-04  t_period=462421
% phases:  conv5=[0,120229)  conv6=[120229,360688)  conv7=[360688,601147)
% src dst pir por t_on t_off t_period
    0    12 0.0001986833 0.0001986833    92483   277452   462421
    0    13 0.0001986833 0.0001986833    92483   277452   462421
    0    14 0.0001986833 0.0001986833    92483   277452   462421
    0    15 0.0002119289 0.0002119289    92483   277452   462421
    0    16 0.0001986833 0.0001986833    92483   277452   462421
    0    17 0.0001986833 0.0001986833    92483   277452   462421
    0    48 0.0001986833 0.0001986833    92483   277452   462421
    0    49 0.0001986833 0.0001986833    92483   277452   462421
    0    50 0.0001986833 0.0001986833    92483   277452   462421
    0    51 0.0001986833 0.0001986833    92483   277452   462421
    0    52 0.0001986833 0.0001986833    92483   277452   462421
    0    53 0.0001986833 0.0001986833    92483   277452   462421
    0    84 0.0001986833 0.0001986833    92483   277452   462421
    0    85 0.0001986833 0.0001986833    92483   277452   462421
    0    86 0.0002119289 0.0002119289    92483   277452   462421
    0    87 0.0001986833 0.0001986833    92483   277452   462421
    0    88 0.0001986833 0.0001986833    92483   277452   462421
    0    89 0.0001986833 0.0001986833    92483   277452   462421
    1    36 0.0067817248 0.0067817248    92483   277452   462421
    2     0 0.0067817248 0.0067817248    92483   277452   462421
    3    36 0.0067817248 0.0067817248    92483   277452   462421
    4     0 0.0067817248 0.0067817248    92483   277452   462421
    5    36 0.0067817248 0.0067817248    92483   277452   462421
    6     0 0.0067817248 0.0067817248    92483   277452   462421
    7    36 0.0067817248 0.0067817248    92483   277452   462421
    8     0 0.0067817248 0.0067817248    92483   277452   462421
    9    36 0.0067817248 0.0067817248    92483   277452   462421
   10     0 0.0067817248 0.0067817248    92483   277452   462421
   11    36 0.0067817248 0.0067817248    92483   277452   462421
   13    48 0.0067817248 0.0067817248   277452   462420   462421
   14    12 0.0067817248 0.0067817248   277452   462420   462421
   15    48 0.0067817248 0.0067817248   277452   462420   462421
   16    12 0.0067817248 0.0067817248   277452   462420   462421
   17    48 0.0067817248 0.0067817248   277452   462420   462421
   18    12 0.0067817248 0.0067817248   277452   462420   462421
   19    48 0.0067817248 0.0067817248   277452   462420   462421
   20    12 0.0067817248 0.0067817248   277452   462420   462421
   21    48 0.0067817248 0.0067817248   277452   462420   462421
   22    12 0.0067817248 0.0067817248   277452   462420   462421
   23    48 0.0067817248 0.0067817248   277452   462420   462421
   24     0 0.0003973700 0.0003973700        0    92483   462421
   24     1 0.0003973700 0.0003973700        0    92483   462421
   24     2 0.0003973700 0.0003973700        0    92483   462421
   24     3 0.0004238614 0.0004238614        0    92483   462421
   24     4 0.0003973700 0.0003973700        0    92483   462421
   24     5 0.0003973700 0.0003973700        0    92483   462421
   24    25 0.0000264913 0.0000264913        0    92483   462421
   24    36 0.0003973700 0.0003973700        0    92483   462421
   24    37 0.0003973700 0.0003973700        0    92483   462421
   24    38 0.0003973700 0.0003973700        0    92483   462421
   24    39 0.0003973700 0.0003973700        0    92483   462421
   24    40 0.0003973700 0.0003973700        0    92483   462421
   24    41 0.0003973700 0.0003973700        0    92483   462421
   24    60 0.0003973700 0.0003973700        0    92483   462421
   24    72 0.0003973700 0.0003973700        0    92483   462421
   24    73 0.0003973700 0.0003973700        0    92483   462421
   24    74 0.0004238614 0.0004238614        0    92483   462421
   24    75 0.0003973700 0.0003973700        0    92483   462421
   24    76 0.0003973700 0.0003973700        0    92483   462421
   24    77 0.0003973700 0.0003973700        0    92483   462421
   24    96 0.0000264913 0.0000264913        0    92483   462421
   25    60 0.0135635626 0.0135635626        0    92483   462421
   26    24 0.0135635626 0.0135635626        0    92483   462421
   26    30 0.0000264913 0.0000264913        0    92483   462421
   26    61 0.0000264913 0.0000264913        0    92483   462421
   26    62 0.0003973700 0.0003973700        0    92483   462421
   26    97 0.0000264913 0.0000264913        0    92483   462421
   26    98 0.0000264913 0.0000264913        0    92483   462421
   30    60 0.0135635626 0.0135635626        0    92483   462421
   31    24 0.0135635626 0.0135635626        0    92483   462421
   31    32 0.0000264913 0.0000264913        0    92483   462421
   31    66 0.0000264913 0.0000264913        0    92483   462421
   31    67 0.0003973700 0.0003973700        0    92483   462421
   31   102 0.0000264913 0.0000264913        0    92483   462421
   31   103 0.0000264913 0.0000264913        0    92483   462421
   32    60 0.0135635626 0.0135635626        0    92483   462421
   36    18 0.0001986833 0.0001986833    92483   277452   462421
   36    19 0.0001986833 0.0001986833    92483   277452   462421
   36    20 0.0001986833 0.0001986833    92483   277452   462421
   36    21 0.0002119289 0.0002119289    92483   277452   462421
   36    22 0.0001986833 0.0001986833    92483   277452   462421
   36    23 0.0001986833 0.0001986833    92483   277452   462421
   36    54 0.0001986833 0.0001986833    92483   277452   462421
   36    55 0.0001986833 0.0001986833    92483   277452   462421
   36    56 0.0001986833 0.0001986833    92483   277452   462421
   36    57 0.0001986833 0.0001986833    92483   277452   462421
   36    58 0.0001986833 0.0001986833    92483   277452   462421
   36    59 0.0001986833 0.0001986833    92483   277452   462421
   36    90 0.0001986833 0.0001986833    92483   277452   462421
   36    91 0.0001986833 0.0001986833    92483   277452   462421
   36    92 0.0002119289 0.0002119289    92483   277452   462421
   36    93 0.0001986833 0.0001986833    92483   277452   462421
   36    94 0.0001986833 0.0001986833    92483   277452   462421
   36    95 0.0001986833 0.0001986833    92483   277452   462421
   37     0 0.0067817248 0.0067817248    92483   277452   462421
   38    36 0.0067817248 0.0067817248    92483   277452   462421
   39     0 0.0067817248 0.0067817248    92483   277452   462421
   40    36 0.0067817248 0.0067817248    92483   277452   462421
   41     0 0.0067817248 0.0067817248    92483   277452   462421
   42    36 0.0067817248 0.0067817248    92483   277452   462421
   43     0 0.0067817248 0.0067817248    92483   277452   462421
   44    36 0.0067817248 0.0067817248    92483   277452   462421
   45     0 0.0067817248 0.0067817248    92483   277452   462421
   46    36 0.0067817248 0.0067817248    92483   277452   462421
   47     0 0.0067817248 0.0067817248    92483   277452   462421
   49    12 0.0067817248 0.0067817248   277452   462420   462421
   50    48 0.0067817248 0.0067817248   277452   462420   462421
   51    12 0.0067817248 0.0067817248   277452   462420   462421
   52    48 0.0067817248 0.0067817248   277452   462420   462421
   53    12 0.0067817248 0.0067817248   277452   462420   462421
   54    48 0.0067817248 0.0067817248   277452   462420   462421
   55    12 0.0067817248 0.0067817248   277452   462420   462421
   56    48 0.0067817248 0.0067817248   277452   462420   462421
   57    12 0.0067817248 0.0067817248   277452   462420   462421
   58    48 0.0067817248 0.0067817248   277452   462420   462421
   59    12 0.0067817248 0.0067817248   277452   462420   462421
   60     6 0.0003973700 0.0003973700        0    92483   462421
   60     7 0.0003973700 0.0003973700        0    92483   462421
   60     8 0.0003973700 0.0003973700        0    92483   462421
   60     9 0.0004238614 0.0004238614        0    92483   462421
   60    10 0.0003973700 0.0003973700        0    92483   462421
   60    11 0.0003973700 0.0003973700        0    92483   462421
   60    42 0.0003973700 0.0003973700        0    92483   462421
   60    43 0.0003973700 0.0003973700        0    92483   462421
   60    44 0.0003973700 0.0003973700        0    92483   462421
   60    45 0.0003973700 0.0003973700        0    92483   462421
   60    46 0.0003973700 0.0003973700        0    92483   462421
   60    47 0.0003973700 0.0003973700        0    92483   462421
   60    78 0.0003973700 0.0003973700        0    92483   462421
   60    79 0.0003973700 0.0003973700        0    92483   462421
   60    80 0.0004238614 0.0004238614        0    92483   462421
   60    81 0.0003973700 0.0003973700        0    92483   462421
   60    82 0.0003973700 0.0003973700        0    92483   462421
   60    83 0.0003973700 0.0003973700        0    92483   462421
   61    24 0.0135635626 0.0135635626        0    92483   462421
   61    25 0.0000264913 0.0000264913        0    92483   462421
   61    26 0.0000264913 0.0000264913        0    92483   462421
   61    62 0.0000264913 0.0000264913        0    92483   462421
   61    96 0.0000264913 0.0000264913        0    92483   462421
   61    97 0.0003973700 0.0003973700        0    92483   462421
   62    60 0.0135635626 0.0135635626        0    92483   462421
   66    24 0.0135635626 0.0135635626        0    92483   462421
   66    30 0.0000264913 0.0000264913        0    92483   462421
   66    31 0.0000264913 0.0000264913        0    92483   462421
   66    67 0.0000264913 0.0000264913        0    92483   462421
   66    98 0.0000264913 0.0000264913        0    92483   462421
   66   102 0.0003973700 0.0003973700        0    92483   462421
   67    60 0.0135635626 0.0135635626        0    92483   462421
   68    24 0.0135635626 0.0135635626        0    92483   462421
   68    32 0.0000264913 0.0000264913        0    92483   462421
   68   103 0.0000264913 0.0000264913        0    92483   462421
   68   104 0.0003973700 0.0003973700        0    92483   462421
   72     0 0.0067817248 0.0067817248    92483   277452   462421
   73    36 0.0067817248 0.0067817248    92483   277452   462421
   74     0 0.0067817248 0.0067817248    92483   277452   462421
   75    36 0.0067817248 0.0067817248    92483   277452   462421
   76     0 0.0067817248 0.0067817248    92483   277452   462421
   77    36 0.0067817248 0.0067817248    92483   277452   462421
   78     0 0.0067817248 0.0067817248    92483   277452   462421
   79    36 0.0067817248 0.0067817248    92483   277452   462421
   80     0 0.0067817248 0.0067817248    92483   277452   462421
   81    36 0.0067817248 0.0067817248    92483   277452   462421
   82     0 0.0067817248 0.0067817248    92483   277452   462421
   83    36 0.0067817248 0.0067817248    92483   277452   462421
   84    12 0.0067817248 0.0067817248   277452   462420   462421
   85    48 0.0067817248 0.0067817248   277452   462420   462421
   86    12 0.0067817248 0.0067817248   277452   462420   462421
   87    48 0.0067817248 0.0067817248   277452   462420   462421
   88    12 0.0067817248 0.0067817248   277452   462420   462421
   89    48 0.0067817248 0.0067817248   277452   462420   462421
   90    12 0.0067817248 0.0067817248   277452   462420   462421
   91    48 0.0067817248 0.0067817248   277452   462420   462421
   92    12 0.0067817248 0.0067817248   277452   462420   462421
   93    48 0.0067817248 0.0067817248   277452   462420   462421
   94    12 0.0067817248 0.0067817248   277452   462420   462421
   95    48 0.0067817248 0.0067817248   277452   462420   462421
   96    24 0.0135900539 0.0135900539        0    92483   462421
   96    25 0.0003973700 0.0003973700        0    92483   462421
   96    60 0.0000264913 0.0000264913        0    92483   462421
   96    61 0.0000264913 0.0000264913        0    92483   462421
   96    97 0.0000264913 0.0000264913        0    92483   462421
   97    60 0.0135635626 0.0135635626        0    92483   462421
   98    24 0.0135635626 0.0135635626        0    92483   462421
   98    26 0.0000264913 0.0000264913        0    92483   462421
   98    30 0.0004238614 0.0004238614        0    92483   462421
   98    62 0.0000264913 0.0000264913        0    92483   462421
   98    66 0.0000264913 0.0000264913        0    92483   462421
   98   102 0.0000264913 0.0000264913        0    92483   462421
  102    60 0.0135635626 0.0135635626        0    92483   462421
  103    24 0.0135635626 0.0135635626        0    92483   462421
  103    31 0.0000264913 0.0000264913        0    92483   462421
  103    32 0.0003973700 0.0003973700        0    92483   462421
  103    67 0.0000264913 0.0000264913        0    92483   462421
  103    68 0.0000264913 0.0000264913        0    92483   462421
  103   104 0.0000264913 0.0000264913        0    92483   462421
  104    60 0.0135635626 0.0135635626        0    92483   462421
