table                                           period flows  win    min    max ax1 (cyc)  ax1/T    CV   on%
resnet50_bottleneck3_xb128_6x6x3_c16r1s16        38536    82    4      1  23121     18217   0.47  0.16   0.0
resnet50_bottleneck3_xb128_6x6x3_c16r2s8         38536    88    4      1  23121     18902   0.49  0.35   0.0
resnet50_bottleneck3_xb128_6x6x3_c16r4s4         38536   147    4      1  23121     18114   0.47  0.34   0.0
resnet50_bottleneck3_xb128_6x6x3_c16r8s2         38536   423    4      1  23121     17024   0.44  0.38   0.0
resnet50_bottleneck3_xb128_6x6x3_c32r16s2        38536   399    4      1  23121     16838   0.44  0.39   0.0
resnet50_bottleneck3_xb128_6x6x3_c32r1s32        38536    60    4      1  23121     18177   0.47  0.16   0.0
resnet50_bottleneck3_xb128_6x6x3_c32r2s16        38536    38    4      1  23121     19448   0.50  0.37   0.0
resnet50_bottleneck3_xb128_6x6x3_c32r4s8         38536    53    4      1  23121     19184   0.50  0.36   0.0
resnet50_bottleneck3_xb128_6x6x3_c32r8s4         38536   131    4      1  23121     17550   0.46  0.34   0.0
resnet50_bottleneck3_xb128_6x6x3_c8r1s8          38536   168    4      1  23121     18059   0.47  0.17   0.0
resnet50_bottleneck3_xb128_6x6x3_c8r2s4          38536   218    4      1  23121     18240   0.47  0.34   0.0
vgg16_block3_xb128_6x6x3_c16r16s1               115606   559    4      1  46242     34803   0.30  0.83   0.0
vgg16_block3_xb128_6x6x3_c16r1s16               115606    93    4      1  46242     41742   0.36  0.02   0.0
vgg16_block3_xb128_6x6x3_c16r2s8                115606    96    4      1  46242     41158   0.36  0.06   0.0
vgg16_block3_xb128_6x6x3_c16r4s4                115606   128    4      1  46242     39894   0.35  0.21   0.0
vgg16_block3_xb128_6x6x3_c16r8s2                115606   214    4      1  46242     37161   0.32  0.53   0.0
vgg16_block3_xb128_6x6x3_c32r16s2               115606   151    4      1  46242     36573   0.32  0.64   0.0
vgg16_block3_xb128_6x6x3_c32r1s32               115606    93    4      1  46242     41742   0.36  0.02   0.0
vgg16_block3_xb128_6x6x3_c32r2s16               115606    43    4      1  46242     41438   0.36  0.02   0.0
vgg16_block3_xb128_6x6x3_c32r32s1               115606   527    3  23121  46243     32486   0.28  1.09   0.0
vgg16_block3_xb128_6x6x3_c32r4s8                115606    54    4      1  46242     40762   0.35  0.11   0.0
vgg16_block3_xb128_6x6x3_c32r8s4                115606    74    4      1  46242     38787   0.34  0.34   0.0
vgg16_block3_xb128_6x6x3_c8r1s8                 115606   196    4      1  46242     41591   0.36  0.01   0.0
vgg16_block3_xb128_6x6x3_c8r2s4                 115606   214    4      1  46242     40646   0.35  0.12   0.0
vgg16_block3_xb128_6x6x3_c8r4s2                 115606   324    4      1  46242     38601   0.33  0.36   0.0
vitsmall_encoder1_xb128_6x6x3_c16r1s16           58097   127    5      1  23239     17118   0.29  0.48   0.0
vitsmall_encoder1_xb128_6x6x3_c16r2s8            58097   158    5      1  23239     15405   0.27  0.66   0.0
vitsmall_encoder1_xb128_6x6x3_c16r4s4            58097   365    5      1  23239     12910   0.22  1.01   0.0
vitsmall_encoder1_xb128_6x6x3_c32r16s2           58097  1355    5      1  23239     11706   0.20  1.21   0.0
vitsmall_encoder1_xb128_6x6x3_c32r1s32           58097    59    5      1  23239     17574   0.30  0.44   0.0
vitsmall_encoder1_xb128_6x6x3_c32r2s16           58097    66    5      1  23239     16266   0.28  0.57   0.0
vitsmall_encoder1_xb128_6x6x3_c32r4s8            58097   101    5      1  23239     13942   0.24  0.84   0.0
vitsmall_encoder1_xb128_6x6x3_c32r8s4            58097   359    5      1  23239     12373   0.21  1.10   0.0
vitsmall_encoder1_xb128_6x6x3_c8r1s8             58097   192    5      1  23239     16507   0.28  0.52   0.0
