% vitsmall_encoder1  crossbar 128x128  mesh 6x6x3 (108 nodes)
% generated by stage2_core.py -- see STAGE2.md
% run with:  -size 16 16 -dimx 6 -dimy 6 -dimz 3 -traffic table traffics_dnn_vits/vitsmall_encoder1_xb128_6x6x3_cpm5e-5.txt
% sweep with: WARMUP_DP_CYCLES=3 SIM_DP_CYCLES=80  (DP_CYCLE=648, SIM=51840, 3.6 block passes measured)
% LOAD_SCALE=0.05  CYCLES_PER_MAC=5e-05  t_period=14523
% phases:  q=[0,1452)  k=[0,1452)  v=[0,1452)  o=[1452,2904)  ff1=[2904,8713)  ff2=[8713,14522)  attn_res=[0,2904)  ffn_res=[2904,14522)
% src dst pir por t_on t_off t_period
    0     3 0.0135768436 0.0135768436        0     1452    14523
    0     6 0.0135768436 0.0135768436        0     1452    14523
    0     9 0.0067860834 0.0067860834        0     2904    14523
    0    36 0.0135768436 0.0135768436        0     1452    14523
    0    39 0.0135768436 0.0135768436        0     1452    14523
    0    42 0.0135768436 0.0135768436        0     1452    14523
    0    72 0.0135768436 0.0135768436        0     1452    14523
    0    75 0.0135768436 0.0135768436        0     1452    14523
    0    78 0.0135768436 0.0135768436        0     1452    14523
    1     0 0.0543073742 0.0543073742        0     1452    14523
    1     4 0.0135768436 0.0135768436        0     1452    14523
    1     7 0.0135768436 0.0135768436        0     1452    14523
    1    37 0.0135768436 0.0135768436        0     1452    14523
    1    40 0.0135768436 0.0135768436        0     1452    14523
    1    43 0.0135768436 0.0135768436        0     1452    14523
    1    45 0.0067860834 0.0067860834        0     2904    14523
    1    73 0.0135768436 0.0135768436        0     1452    14523
    1    76 0.0135768436 0.0135768436        0     1452    14523
    1    79 0.0135768436 0.0135768436        0     1452    14523
    2     0 0.0543073742 0.0543073742        0     1452    14523
    2     5 0.0135768436 0.0135768436        0     1452    14523
    2     8 0.0135768436 0.0135768436        0     1452    14523
    2    38 0.0135768436 0.0135768436        0     1452    14523
    2    41 0.0135768436 0.0135768436        0     1452    14523
    2    44 0.0135768436 0.0135768436        0     1452    14523
    2    74 0.0135768436 0.0135768436        0     1452    14523
    2    77 0.0135768436 0.0135768436        0     1452    14523
    2    80 0.0135768436 0.0135768436        0     1452    14523
    2    81 0.0067860834 0.0067860834        0     2904    14523
    4     3 0.0543073742 0.0543073742        0     1452    14523
    5     3 0.0543073742 0.0543073742        0     1452    14523
    6     9 0.0135768436 0.0135768436        0     1452    14523
    6    45 0.0135768436 0.0135768436        0     1452    14523
    6    81 0.0135768436 0.0135768436        0     1452    14523
    7     6 0.0543073742 0.0543073742        0     1452    14523
    8     6 0.0543073742 0.0543073742        0     1452    14523
    9    12 0.0135768436 0.0135768436     1452     2904    14523
    9    13 0.0135768436 0.0135768436     1452     2904    14523
    9    14 0.0135768436 0.0135768436     1452     2904    14523
    9    15 0.0135768436 0.0135768436     1452     2904    14523
    9    24 0.0016957907 0.0016957907     2904    14522    14523
    9    48 0.0135768436 0.0135768436     1452     2904    14523
    9    49 0.0135768436 0.0135768436     1452     2904    14523
    9    50 0.0135768436 0.0135768436     1452     2904    14523
    9    51 0.0135768436 0.0135768436     1452     2904    14523
    9    84 0.0135768436 0.0135768436     1452     2904    14523
    9    85 0.0135768436 0.0135768436     1452     2904    14523
    9    86 0.0135768436 0.0135768436     1452     2904    14523
    9    87 0.0135768436 0.0135768436     1452     2904    14523
   10     9 0.0543073742 0.0543073742     1452     2904    14523
   11     9 0.0543073742 0.0543073742     1452     2904    14523
   12    24 0.0033918733 0.0033918733     2904     8713    14523
   12    60 0.0033918733 0.0033918733     2904     8713    14523
   12    96 0.0033918733 0.0033918733     2904     8713    14523
   13    27 0.0033918733 0.0033918733     2904     8713    14523
   13    63 0.0033918733 0.0033918733     2904     8713    14523
   13    99 0.0033918733 0.0033918733     2904     8713    14523
   14    30 0.0033918733 0.0033918733     2904     8713    14523
   14    66 0.0033918733 0.0033918733     2904     8713    14523
   14   102 0.0033918733 0.0033918733     2904     8713    14523
   15    33 0.0033918733 0.0033918733     2904     8713    14523
   15    69 0.0033918733 0.0033918733     2904     8713    14523
   15   105 0.0033918733 0.0033918733     2904     8713    14523
   16    12 0.0135674931 0.0135674931     2904     8713    14523
   17    13 0.0135674931 0.0135674931     2904     8713    14523
   18    14 0.0135674931 0.0135674931     2904     8713    14523
   19    15 0.0135674931 0.0135674931     2904     8713    14523
   20    12 0.0135674931 0.0135674931     2904     8713    14523
   21    13 0.0135674931 0.0135674931     2904     8713    14523
   22    14 0.0135674931 0.0135674931     2904     8713    14523
   23    15 0.0135674931 0.0135674931     2904     8713    14523
   25    24 0.0135674931 0.0135674931     8713    14522    14523
   26    24 0.0135674931 0.0135674931     8713    14522    14523
   27    24 0.0135674931 0.0135674931     8713    14522    14523
   28    24 0.0135674931 0.0135674931     8713    14522    14523
   29    24 0.0135674931 0.0135674931     8713    14522    14523
   30    24 0.0135674931 0.0135674931     8713    14522    14523
   31    24 0.0135674931 0.0135674931     8713    14522    14523
   32    24 0.0135674931 0.0135674931     8713    14522    14523
   33    24 0.0135674931 0.0135674931     8713    14522    14523
   34    24 0.0135674931 0.0135674931     8713    14522    14523
   35    24 0.0135674931 0.0135674931     8713    14522    14523
   37    36 0.0543073742 0.0543073742        0     1452    14523
   38    36 0.0543073742 0.0543073742        0     1452    14523
   40    39 0.0543073742 0.0543073742        0     1452    14523
   41    39 0.0543073742 0.0543073742        0     1452    14523
   42    10 0.0135768436 0.0135768436        0     1452    14523
   42    46 0.0135768436 0.0135768436        0     1452    14523
   42    82 0.0135768436 0.0135768436        0     1452    14523
   43    42 0.0543073742 0.0543073742        0     1452    14523
   44    42 0.0543073742 0.0543073742        0     1452    14523
   45    16 0.0135768436 0.0135768436     1452     2904    14523
   45    17 0.0135768436 0.0135768436     1452     2904    14523
   45    18 0.0135768436 0.0135768436     1452     2904    14523
   45    19 0.0135768436 0.0135768436     1452     2904    14523
   45    52 0.0135768436 0.0135768436     1452     2904    14523
   45    53 0.0135768436 0.0135768436     1452     2904    14523
   45    54 0.0135768436 0.0135768436     1452     2904    14523
   45    55 0.0135768436 0.0135768436     1452     2904    14523
   45    60 0.0016957907 0.0016957907     2904    14522    14523
   45    88 0.0135768436 0.0135768436     1452     2904    14523
   45    89 0.0135768436 0.0135768436     1452     2904    14523
   45    90 0.0135768436 0.0135768436     1452     2904    14523
   45    91 0.0135768436 0.0135768436     1452     2904    14523
   46    45 0.0543073742 0.0543073742     1452     2904    14523
   47    45 0.0543073742 0.0543073742     1452     2904    14523
   48    25 0.0033918733 0.0033918733     2904     8713    14523
   48    61 0.0033918733 0.0033918733     2904     8713    14523
   48    97 0.0033918733 0.0033918733     2904     8713    14523
   49    28 0.0033918733 0.0033918733     2904     8713    14523
   49    64 0.0033918733 0.0033918733     2904     8713    14523
   49   100 0.0033918733 0.0033918733     2904     8713    14523
   50    31 0.0033918733 0.0033918733     2904     8713    14523
   50    67 0.0033918733 0.0033918733     2904     8713    14523
   50   103 0.0033918733 0.0033918733     2904     8713    14523
   51    34 0.0033918733 0.0033918733     2904     8713    14523
   51    70 0.0033918733 0.0033918733     2904     8713    14523
   51   106 0.0033918733 0.0033918733     2904     8713    14523
   52    48 0.0135674931 0.0135674931     2904     8713    14523
   53    49 0.0135674931 0.0135674931     2904     8713    14523
   54    50 0.0135674931 0.0135674931     2904     8713    14523
   55    51 0.0135674931 0.0135674931     2904     8713    14523
   56    48 0.0135674931 0.0135674931     2904     8713    14523
   57    49 0.0135674931 0.0135674931     2904     8713    14523
   58    50 0.0135674931 0.0135674931     2904     8713    14523
   59    51 0.0135674931 0.0135674931     2904     8713    14523
   61    60 0.0135674931 0.0135674931     8713    14522    14523
   62    60 0.0135674931 0.0135674931     8713    14522    14523
   63    60 0.0135674931 0.0135674931     8713    14522    14523
   64    60 0.0135674931 0.0135674931     8713    14522    14523
   65    60 0.0135674931 0.0135674931     8713    14522    14523
   66    60 0.0135674931 0.0135674931     8713    14522    14523
   67    60 0.0135674931 0.0135674931     8713    14522    14523
   68    60 0.0135674931 0.0135674931     8713    14522    14523
   69    60 0.0135674931 0.0135674931     8713    14522    14523
   70    60 0.0135674931 0.0135674931     8713    14522    14523
   71    60 0.0135674931 0.0135674931     8713    14522    14523
   73    72 0.0543073742 0.0543073742        0     1452    14523
   74    72 0.0543073742 0.0543073742        0     1452    14523
   76    75 0.0543073742 0.0543073742        0     1452    14523
   77    75 0.0543073742 0.0543073742        0     1452    14523
   78    11 0.0135768436 0.0135768436        0     1452    14523
   78    47 0.0135768436 0.0135768436        0     1452    14523
   78    83 0.0135768436 0.0135768436        0     1452    14523
   79    78 0.0543073742 0.0543073742        0     1452    14523
   80    78 0.0543073742 0.0543073742        0     1452    14523
   81    20 0.0135768436 0.0135768436     1452     2904    14523
   81    21 0.0135768436 0.0135768436     1452     2904    14523
   81    22 0.0135768436 0.0135768436     1452     2904    14523
   81    23 0.0135768436 0.0135768436     1452     2904    14523
   81    56 0.0135768436 0.0135768436     1452     2904    14523
   81    57 0.0135768436 0.0135768436     1452     2904    14523
   81    58 0.0135768436 0.0135768436     1452     2904    14523
   81    59 0.0135768436 0.0135768436     1452     2904    14523
   81    92 0.0135768436 0.0135768436     1452     2904    14523
   81    93 0.0135768436 0.0135768436     1452     2904    14523
   81    94 0.0135768436 0.0135768436     1452     2904    14523
   81    95 0.0135768436 0.0135768436     1452     2904    14523
   81    96 0.0016957907 0.0016957907     2904    14522    14523
   82    81 0.0543073742 0.0543073742     1452     2904    14523
   83    81 0.0543073742 0.0543073742     1452     2904    14523
   84    26 0.0033918733 0.0033918733     2904     8713    14523
   84    62 0.0033918733 0.0033918733     2904     8713    14523
   84    98 0.0033918733 0.0033918733     2904     8713    14523
   85    29 0.0033918733 0.0033918733     2904     8713    14523
   85    65 0.0033918733 0.0033918733     2904     8713    14523
   85   101 0.0033918733 0.0033918733     2904     8713    14523
   86    32 0.0033918733 0.0033918733     2904     8713    14523
   86    68 0.0033918733 0.0033918733     2904     8713    14523
   86   104 0.0033918733 0.0033918733     2904     8713    14523
   87    35 0.0033918733 0.0033918733     2904     8713    14523
   87    71 0.0033918733 0.0033918733     2904     8713    14523
   87   107 0.0033918733 0.0033918733     2904     8713    14523
   88    84 0.0135674931 0.0135674931     2904     8713    14523
   89    85 0.0135674931 0.0135674931     2904     8713    14523
   90    86 0.0135674931 0.0135674931     2904     8713    14523
   91    87 0.0135674931 0.0135674931     2904     8713    14523
   92    84 0.0135674931 0.0135674931     2904     8713    14523
   93    85 0.0135674931 0.0135674931     2904     8713    14523
   94    86 0.0135674931 0.0135674931     2904     8713    14523
   95    87 0.0135674931 0.0135674931     2904     8713    14523
   97    96 0.0135674931 0.0135674931     8713    14522    14523
   98    96 0.0135674931 0.0135674931     8713    14522    14523
   99    96 0.0135674931 0.0135674931     8713    14522    14523
  100    96 0.0135674931 0.0135674931     8713    14522    14523
  101    96 0.0135674931 0.0135674931     8713    14522    14523
  102    96 0.0135674931 0.0135674931     8713    14522    14523
  103    96 0.0135674931 0.0135674931     8713    14522    14523
  104    96 0.0135674931 0.0135674931     8713    14522    14523
  105    96 0.0135674931 0.0135674931     8713    14522    14523
  106    96 0.0135674931 0.0135674931     8713    14522    14523
  107    96 0.0135674931 0.0135674931     8713    14522    14523
