bf_0.59_0.00_k0300 topna 1 15.7392 52 0.00720949 1039
bf_0.47_0.00_k0300 topna 3 14.123 57 0.00705661 1049
bf_0.59_0.00_k0300 topna 2 15.5154 57 0.00684928 972
bf_0.56_1.00_k0300 topna 3 15.0877 64 0.0075937 1061
bf_0.56_1.00_k0300 topnb 1 15.1572 70 0.00696751 1069
bf_0.47_0.00_k0300 topna 2 15.0207 64 0.0075012 1064
bf_0.47_0.00_k0300 topna 1 14.6303 56 0.00698813 990
bf_0.56_1.00_k0300 topna 1 15.2105 70 0.00696751 1069
bf_0.47_0.00_k0300 topnb 2 14.9991 64 0.0075012 1064
bf_0.47_0.00_k0300 topnb 3 14.1296 57 0.00705661 1049
bf_0.56_1.00_k0300 topna 2 15.5156 65 0.00747659 1026
bf_0.56_1.00_k0300 topnb 2 15.5156 65 0.00747659 1026
bf_0.47_0.00_k0300 topnb 1 14.6364 57 0.00698813 990
bf_0.56_1.00_k0300 topnb 3 15.0622 63 0.0075937 1061
bf_0.63_1.00_k0300 topna 3 15.0065 59 0.00715507 1081
bf_0.59_0.00_k0300 topna 3 15.745 66 0.00704063 1047
bf_0.59_0.00_k0300 topnb 1 15.774 57 0.00721643 1040
bf_0.63_1.00_k0300 topnb 3 15.0194 63 0.00715507 1081
bf_0.76_0.00_k0300 topna 2 13.8119 48 0.00735398 1042
bf_0.63_1.00_k0300 topna 1 15.3545 66 0.00810091 1038
bf_0.63_1.00_k0300 topna 2 14.7668 55 0.00755159 1055
bf_0.63_1.00_k0300 topnb 2 14.7953 63 0.00755159 1055
bf_0.63_1.00_k0300 topnb 1 15.3497 69 0.00810091 1038
bf_0.59_0.00_k0300 topnb 3 15.5415 64 0.00704063 1047
bf_0.76_0.00_k0300 topna 1 14.7331 64 0.00738336 1079
bf_0.59_0.00_k0300 topnb 2 15.4455 55 0.00684928 972
bf_0.76_0.00_k0300 topnb 1 14.7078 65 0.00737653 1078
bf_0.76_0.00_k0300 topna 3 14.4159 66 0.00765889 1034
bf_0.78_0.84_k0300 topna 1 14.3565 54 0.00727103 1080
bf_0.76_0.00_k0300 topnb 2 13.7678 48 0.00735398 1042
bf_0.78_0.84_k0300 topnb 3 14.2187 55 0.00725631 1079
bf_0.78_0.84_k0300 topna 2 13.9112 56 0.00692774 1014
bf_0.78_0.84_k0300 topna 3 14.3448 55 0.00714637 1079
bf_0.78_0.84_k0300 topnb 2 13.9231 56 0.00692774 1014
bf_0.76_0.00_k0300 topnb 3 14.264 61 0.00765889 1034
bf_0.86_0.00_k0300 topna 2 16.279 70 0.00747409 1043
bf_0.86_0.00_k0300 topna 3 14.3834 48 0.00717583 1051
bf_0.86_0.00_k0300 topnb 1 15.242 58 0.00670179 1058
bf_0.86_0.00_k0300 topna 1 15.3526 60 0.00670179 1058
bf_0.78_0.84_k0300 topnb 1 14.4519 56 0.00727103 1080
bf_0.86_0.00_k0300 topnb 3 14.4491 48 0.00717583 1051
bf_0.86_0.00_k0300 topnb 2 16.2397 73 0.00747409 1043
bf_0.90_0.80_k0300 topna 3 15.3902 65 0.00720147 1020
bf_0.90_0.80_k0300 topna 2 16.472 73 0.00728996 1017
bf_0.90_0.80_k0300 topnb 2 16.3094 75 0.00729712 1018
bf_0.90_0.80_k0300 topnb 1 16.5256 77 0.00693671 1016
bf_0.47_0.00_k0550 topna 3 19.3849 121 0.012036 1899
bf_0.47_0.00_k0550 topna 1 19.8474 118 0.0119639 1887
bf_0.47_0.00_k0550 topnb 1 19.7488 113 0.0119639 1887
bf_0.90_0.80_k0300 topna 1 16.4311 73 0.00693671 1016
bf_0.47_0.00_k0550 topna 2 20.2271 123 0.0119755 1863
bf_0.90_0.80_k0300 topnb 3 15.6125 67 0.00768201 1053
bf_0.47_0.00_k0550 topnb 3 19.367 111 0.012036 1899
bf_0.47_0.00_k0550 topnb 2 20.1874 122 0.011969 1862
bf_0.56_1.00_k0550 topna 2 20.593 116 0.0116781 1897
bf_0.56_1.00_k0550 topna 1 21.6196 124 0.0114721 1861
bf_0.56_1.00_k0550 topna 3 19.0349 96 0.0113192 1890
bf_0.59_0.00_k0550 topna 3 20.725 116 0.0118701 1927
bf_0.56_1.00_k0550 topnb 3 18.8415 98 0.0116829 1924
bf_0.59_0.00_k0550 topna 2 22.1141 127 0.0124435 1963
bf_0.56_1.00_k0550 topnb 1 21.6008 121 0.0116313 1861
bf_0.56_1.00_k0550 topnb 2 20.622 116 0.0116596 1894
bf_0.59_0.00_k0550 topnb 2 22.0995 126 0.0124182 1959
bf_0.59_0.00_k0550 topna 1 21.8656 117 0.0122929 1883
bf_0.59_0.00_k0550 topnb 1 21.948 121 0.0123059 1885
bf_0.63_1.00_k0550 topna 1 19.1559 97 0.0121779 1866
bf_0.63_1.00_k0550 topna 2 22.2886 132 0.0121681 1864
bf_0.59_0.00_k0550 topnb 3 20.5339 116 0.0114832 1890
bf_0.63_1.00_k0550 topna 3 21.3391 131 0.0124784 1970
bf_0.63_1.00_k0550 topnb 1 19.1874 103 0.0121909 1868
bf_0.63_1.00_k0550 topnb 2 22.4067 137 0.0121681 1864
bf_0.63_1.00_k0550 topnb 3 21.2457 129 0.0124784 1970
bf_0.76_0.00_k0550 topna 2 18.5242 101 0.0120824 1879
bf_0.76_0.00_k0550 topna 1 19.7983 107 0.0124528 1909
bf_0.76_0.00_k0550 topnb 1 19.1729 106 0.0126414 1909
bf_0.76_0.00_k0550 topnb 2 19.6895 112 0.0121788 1894
bf_0.76_0.00_k0550 topnb 3 20.6114 115 0.0120811 1961
bf_0.76_0.00_k0550 topna 3 21.0633 117 0.0119072 1960
bf_0.78_0.84_k0550 topna 2 19.7319 102 0.012074 1906
bf_0.78_0.84_k0550 topna 3 19.1253 111 0.0118378 1923
bf_0.78_0.84_k0550 topna 1 19.2148 117 0.0113989 1904
bf_0.78_0.84_k0550 topnb 1 19.1678 113 0.0114169 1907
bf_0.78_0.84_k0550 topnb 2 19.7006 124 0.0118894 1877
bf_0.86_0.00_k0550 topna 1 19.53 104 0.0117457 1881
bf_0.78_0.84_k0550 topnb 3 18.9808 118 0.011844 1924
bf_0.86_0.00_k0550 topna 2 21.0446 131 0.0124193 1904
bf_0.86_0.00_k0550 topna 3 20.2953 103 0.0126029 1903
bf_0.86_0.00_k0550 topnb 1 19.4989 105 0.011727 1878
bf_0.86_0.00_k0550 topnb 2 20.8241 130 0.0124258 1905
bf_0.86_0.00_k0550 topnb 3 20.7166 108 0.0125963 1902
bf_0.90_0.80_k0550 topna 1 27.4061 190 0.0130237 1906
bf_0.90_0.80_k0550 topna 2 25.1844 182 0.012438 1963
bf_0.90_0.80_k0550 topnb 1 24.9523 144 0.0130237 1906
bf_0.90_0.80_k0550 topna 3 24.0499 145 0.0122708 1964
bf_0.90_0.80_k0550 topnb 2 25.187 170 0.0118833 1957
bf_0.47_0.00_k0750 topna 2 30.4565 216 0.0160522 2607
bf_0.47_0.00_k0750 topna 1 26.3914 169 0.0158532 2573
bf_0.90_0.80_k0550 topnb 3 23.0906 129 0.0122771 1965
bf_0.47_0.00_k0750 topnb 1 26.642 177 0.0158347 2570
bf_0.47_0.00_k0750 topna 3 33.6323 230 0.0174975 2679
bf_0.47_0.00_k0750 topnb 2 33.0863 262 0.0159886 2596
bf_0.47_0.00_k0750 topnb 3 30.7627 250 0.0176856 2668
bf_0.56_1.00_k0750 topna 1 32.386 236 0.0169817 2565
bf_0.56_1.00_k0750 topna 2 34.0592 238 0.0160884 2651
bf_0.56_1.00_k0750 topnb 2 36.4005 282 0.0158637 2614
bf_0.56_1.00_k0750 topna 3 26.9292 171 0.0159092 2655
bf_0.56_1.00_k0750 topnb 3 29.6485 194 0.0163697 2657
bf_0.59_0.00_k0750 topna 2 33.1707 235 0.015896 2619
bf_0.56_1.00_k0750 topnb 1 28.3068 183 0.016915 2555
bf_0.59_0.00_k0750 topna 3 33.4181 234 0.0166699 2631
bf_0.59_0.00_k0750 topna 1 31.4484 210 0.0151454 2598
bf_0.59_0.00_k0750 topnb 2 41.6041 385 0.0170256 2647
bf_0.59_0.00_k0750 topnb 1 30.3728 180 0.0152554 2615
bf_0.59_0.00_k0750 topnb 3 33.6686 222 0.0166699 2631
bf_0.63_1.00_k0750 topna 1 29.5143 199 0.0149264 2559
bf_0.63_1.00_k0750 topna 2 29.9644 214 0.014914 2558
bf_0.63_1.00_k0750 topna 3 32.3569 237 0.0156913 2656
bf_0.63_1.00_k0750 topnb 2 30.2415 205 0.0148965 2555
bf_0.63_1.00_k0750 topnb 1 28.2712 191 0.0153479 2526
bf_0.76_0.00_k0750 topna 1 26.9702 186 0.0154712 2582
bf_0.76_0.00_k0750 topna 2 26.6687 156 0.016038 2644
bf_0.76_0.00_k0750 topnb 3 29.4125 209 0.0158728 2577
bf_0.63_1.00_k0750 topnb 3 31.8219 228 0.0156204 2644
bf_0.76_0.00_k0750 topna 3 29.48 211 0.0158728 2577
bf_0.76_0.00_k0750 topnb 1 30.0623 219 0.0154873 2585
bf_0.78_0.84_k0750 topna 3 34.9922 274 0.0160803 2685
bf_0.76_0.00_k0750 topnb 2 27.7286 159 0.016422 2668
bf_0.78_0.84_k0750 topna 2 44.8616 449 0.0172811 2608
bf_0.78_0.84_k0750 topna 1 35.7138 366 0.0154746 2582
bf_0.78_0.84_k0750 topnb 1 35.9551 370 0.0154806 2583
bf_0.78_0.84_k0750 topnb 2 36.2661 304 0.0172811 2608
bf_0.86_0.00_k0750 topna 2 41.4403 454 0.0168954 2628
bf_0.78_0.84_k0750 topnb 3 32.4258 228 0.01598 2668
bf_0.86_0.00_k0750 topna 1 29.0734 188 0.0147314 2560
bf_0.86_0.00_k0750 topna 3 39.6348 360 0.0151939 2640
bf_0.86_0.00_k0750 topnb 1 28.9228 193 0.0147544 2564
bf_0.86_0.00_k0750 topnb 2 46.3736 556 0.0167796 2610
bf_0.90_0.80_k0750 topna 1 43.0864 327 0.0153822 2603
bf_0.90_0.80_k0750 topna 2 51.2827 411 0.0147703 2568
bf_0.86_0.00_k0750 topnb 3 38.7191 338 0.0151979 2606
bf_0.90_0.80_k0750 topnb 1 39.58 271 0.0153844 2605
bf_0.90_0.80_k0750 topnb 3 51.9236 481 0.0157792 2670
bf_0.47_0.00_k0950 topna 3 70.6448 672 0.019146 3328
bf_0.47_0.00_k0950 topna 1 51.1598 403 0.0183836 3280
bf_0.90_0.80_k0750 topnb 2 38.0685 265 0.0147703 2568
bf_0.90_0.80_k0750 topna 3 53.5854 463 0.0158383 2680
bf_0.47_0.00_k0950 topna 2 59.4346 865 0.0189659 3297
bf_0.47_0.00_k0950 topnb 3 83.8222 911 0.0193186 3358
bf_0.47_0.00_k0950 topnb 2 57.7306 537 0.019767 3300
bf_0.47_0.00_k0950 topnb 1 71.3516 732 0.018556 3268
bf_0.56_1.00_k0950 topna 3 48.2488 405 0.018959 3252
bf_0.56_1.00_k0950 topna 2 59.749 488 0.0193758 3279
bf_0.56_1.00_k0950 topna 1 106.019 1387 0.0186777 3288
bf_0.56_1.00_k0950 topnb 3 51.8366 438 0.0184612 3250
bf_0.56_1.00_k0950 topnb 2 56.9469 461 0.018734 3257
bf_0.56_1.00_k0950 topnb 1 57.1835 502 0.018507 3258
bf_0.59_0.00_k0950 topna 3 84.5648 978 0.0200579 3348
bf_0.59_0.00_k0950 topnb 2 82.6402 983 0.0177891 3296
bf_0.59_0.00_k0950 topna 2 70.1925 539 0.0188846 3283
bf_0.59_0.00_k0950 topna 1 157.143 2004 0.0195825 3270
bf_0.59_0.00_k0950 topnb 3 89.1499 1074 0.020335 3349
bf_0.59_0.00_k0950 topnb 1 162.408 1921 0.019685 3287
bf_0.63_1.00_k0950 topna 1 53.7992 454 0.019268 3217
bf_0.63_1.00_k0950 topna 2 72.259 636 0.0192388 3301
bf_0.63_1.00_k0950 topna 3 65.025 592 0.0193212 3358
bf_0.63_1.00_k0950 topnb 1 53.7305 463 0.019292 3221
bf_0.63_1.00_k0950 topnb 3 78.2568 816 0.0194247 3376
bf_0.76_0.00_k0950 topna 1 65.7119 674 0.0191805 3291
bf_0.76_0.00_k0950 topna 3 55.2431 510 0.0196543 3282
bf_0.63_1.00_k0950 topnb 2 54.8944 484 0.0191554 3286
bf_0.76_0.00_k0950 topnb 3 72.9217 799 0.0191015 3320
bf_0.76_0.00_k0950 topna 2 67.2699 734 0.0193507 3231
bf_0.76_0.00_k0950 topnb 1 74.7165 733 0.0190756 3273
bf_0.76_0.00_k0950 topnb 2 55.9661 551 0.019441 3245
bf_0.78_0.84_k0950 topna 1 388.267 7739 0.0195821 3268
bf_0.78_0.84_k0950 topna 3 138.932 2245 0.019444 3334
bf_0.78_0.84_k0950 topna 2 179.429 3519 0.0186905 3249
bf_0.78_0.84_k0950 topnb 1 345.825 7044 0.0192761 3262
bf_0.78_0.84_k0950 topnb 2 126.187 2182 0.0187257 3256
bf_0.86_0.00_k0950 topna 1 58.1639 543 0.0187476 3258
bf_0.86_0.00_k0950 topna 2 117.207 1532 0.0189932 3300
bf_0.86_0.00_k0950 topna 3 104.548 1601 0.0204124 3313
bf_0.78_0.84_k0950 topnb 3 153.259 2851 0.019269 3347
bf_0.90_0.80_k0950 topna 1 544.682 10264 0.0199789 3289
bf_0.86_0.00_k0950 topnb 2 110.88 1540 0.019703 3288
bf_0.86_0.00_k0950 topnb 1 58.1286 612 0.0187476 3258
bf_0.90_0.80_k0950 topna 3 341.876 5873 0.0187354 3342
bf_0.86_0.00_k0950 topnb 3 85.4625 1537 0.020554 3336
bf_0.90_0.80_k0950 topnb 3 182.681 3020 0.0181208 3273
bf_0.90_0.80_k0950 topna 2 142.359 1891 0.0197693 3302
bf_0.90_0.80_k0950 topnb 1 354.193 6159 0.0201812 3230
bfr824_0.49_1.00_k0300 topna 2 12.7932 40 0.0041747 677
bfr824_0.49_1.00_k0300 topna 1 12.0665 42 0.00392921 647
bfr824_0.49_1.00_k0300 topnb 2 12.7932 40 0.0041747 677
bf_0.90_0.80_k0950 topnb 2 383.848 7294 0.0196262 3323
bfr824_0.49_1.00_k0300 topna 3 12.431 43 0.00391707 645
bfr824_0.49_1.00_k0300 topnb 1 12.0665 42 0.00392921 647
bfr824_0.49_1.00_k0300 topnb 3 12.4744 43 0.00391707 645
bfr824_0.50_-0.00_k0300 topna 3 13.0016 44 0.00402313 644
bfr824_0.50_-0.00_k0300 topna 2 12.7535 37 0.00405397 649
bfr824_0.50_-0.00_k0300 topnb 2 12.7535 37 0.00405397 649
bfr824_0.50_-0.00_k0300 topna 1 13.1918 42 0.00404883 657
bfr824_0.50_-0.00_k0300 topnb 3 13.0016 44 0.00402313 644
bfr824_0.59_-0.00_k0300 topna 2 13.2772 39 0.00419139 671
bfr824_0.59_-0.00_k0300 topna 1 13.1818 35 0.00395588 660
bfr824_0.50_-0.00_k0300 topnb 1 13.1918 42 0.00404883 657
bfr824_0.59_-0.00_k0300 topnb 1 13.1818 35 0.00395588 660
bfr824_0.59_-0.00_k0300 topna 3 13.9137 50 0.00435637 707
bfr824_0.59_-0.00_k0300 topnb 2 13.2772 39 0.00419139 671
bfr824_0.59_-0.00_k0300 topnb 3 13.9137 50 0.00435637 707
bfr824_0.70_1.00_k0300 topna 1 13.0159 47 0.00420933 693
bfr824_0.70_1.00_k0300 topna 2 13.6072 49 0.00427209 723
bfr824_0.70_1.00_k0300 topnb 2 13.6072 49 0.00427209 723
bfr824_0.70_1.00_k0300 topna 3 13.6009 44 0.00385742 644
bfr824_0.70_1.00_k0300 topnb 1 13.8613 42 0.0042765 685
bfr824_0.73_-0.00_k0300 topna 3 13.0615 40 0.00413471 699
bfr824_0.70_1.00_k0300 topnb 3 13.6009 44 0.00385742 644
bfr824_0.73_-0.00_k0300 topna 2 12.788 39 0.00393996 684
bfr824_0.73_-0.00_k0300 topnb 1 13.6164 44 0.00390577 670
bfr824_0.73_-0.00_k0300 topna 1 13.6164 44 0.00390577 670
bfr824_0.82_0.94_k0300 topnb 2 13.7088 39 0.00377851 656
bfr824_0.73_-0.00_k0300 topnb 2 12.788 39 0.00393996 684
bfr824_0.82_0.94_k0300 topna 2 13.7088 39 0.00377851 656
bfr824_0.73_-0.00_k0300 topnb 3 13.093 40 0.00413471 699
bfr824_0.82_0.94_k0300 topna 1 14.2318 45 0.00408749 673
bfr824_0.82_0.94_k0300 topna 3 14.2051 44 0.00409386 712
bfr824_0.82_0.94_k0300 topnb 1 14.2318 45 0.00408749 673
bfr824_0.82_0.94_k0300 topnb 3 14.1826 44 0.00409386 712
bfr824_0.89_0.70_k0300 topna 1 13.843 41 0.00422223 675
bfr824_0.92_0.02_k0300 topna 1 12.9476 42 0.00394967 687
bfr824_0.89_0.70_k0300 topnb 1 13.843 41 0.00422223 675
bfr824_0.89_0.70_k0300 topna 2 13.8602 41 0.00379396 608
bfr824_0.89_0.70_k0300 topna 3 14.5051 43 0.00411236 685
bfr824_0.89_0.70_k0300 topnb 2 13.8602 41 0.00379396 608
bfr824_0.92_0.02_k0300 topnb 1 12.9476 42 0.00394967 687
bfr824_0.92_0.02_k0300 topna 3 13.7239 47 0.00413531 681
bfr824_0.89_0.70_k0300 topnb 3 14.5051 43 0.00411236 685
bfr824_0.92_0.02_k0300 topna 2 13.2745 44 0.00380192 652
bfr824_0.92_0.02_k0300 topnb 2 13.2745 44 0.00380192 652
bfr824_0.92_0.02_k0300 topnb 3 13.7239 47 0.00413531 681
bfr824_0.49_1.00_k0550 topna 1 13.8131 57 0.00693005 1220
bfr824_0.49_1.00_k0550 topna 2 14.5321 71 0.00638 1182
bfr824_0.49_1.00_k0550 topna 3 13.6061 51 0.00666113 1249
bfr824_0.49_1.00_k0550 topnb 1 13.8066 57 0.00693005 1220
bfr824_0.49_1.00_k0550 topnb 2 14.5668 71 0.00638 1182
bfr824_0.50_-0.00_k0550 topnb 1 14.6154 52 0.00679042 1243
bfr824_0.50_-0.00_k0550 topna 2 14.6487 51 0.00625194 1187
bfr824_0.50_-0.00_k0550 topna 3 14.0243 46 0.00674054 1233
bfr824_0.49_1.00_k0550 topnb 3 13.5452 51 0.00666113 1249
bfr824_0.50_-0.00_k0550 topna 1 14.601 52 0.00679042 1243
bfr824_0.50_-0.00_k0550 topnb 2 14.6344 51 0.00625194 1187
bfr824_0.59_-0.00_k0550 topnb 1 15.0398 60 0.00664889 1230
bfr824_0.59_-0.00_k0550 topna 2 15.7434 56 0.00648982 1216
bfr824_0.50_-0.00_k0550 topnb 3 14.0673 46 0.00674191 1234
bfr824_0.59_-0.00_k0550 topna 1 15.0504 60 0.00664889 1230
bfr824_0.59_-0.00_k0550 topna 3 14.699 51 0.00630417 1226
bfr824_0.59_-0.00_k0550 topnb 2 15.7623 56 0.00648982 1216
bfr824_0.59_-0.00_k0550 topnb 3 14.7069 51 0.00629903 1225
bfr824_0.70_1.00_k0550 topna 1 14.6346 49 0.00676763 1207
bfr824_0.70_1.00_k0550 topna 3 15.2086 72 0.00632635 1203
bfr824_0.70_1.00_k0550 topnb 3 15.173 66 0.00632109 1202
bfr824_0.70_1.00_k0550 topnb 1 14.6164 49 0.00676763 1207
bfr824_0.70_1.00_k0550 topnb 2 14.9558 55 0.00668418 1223
bfr824_0.70_1.00_k0550 topna 2 14.9386 52 0.00667871 1222
bfr824_0.73_-0.00_k0550 topna 2 14.6724 60 0.00670687 1212
bfr824_0.73_-0.00_k0550 topna 3 15.4039 85 0.00703817 1191
bfr824_0.73_-0.00_k0550 topna 1 13.711 46 0.00695542 1242
bfr824_0.73_-0.00_k0550 topnb 2 14.6477 60 0.00670687 1212
bfr824_0.73_-0.00_k0550 topnb 1 13.7746 48 0.00695542 1242
bfr824_0.82_0.94_k0550 topna 2 14.8303 51 0.00727992 1249
bfr824_0.82_0.94_k0550 topna 1 15.5483 64 0.00687113 1211
bfr824_0.73_-0.00_k0550 topnb 3 15.4139 85 0.00703817 1191
bfr824_0.82_0.94_k0550 topnb 1 15.5622 63 0.00679811 1213
bfr824_0.82_0.94_k0550 topna 3 15.0967 59 0.00650215 1220
bfr824_0.82_0.94_k0550 topnb 2 14.8335 52 0.00727992 1249
bfr824_0.82_0.94_k0550 topnb 3 15.1911 59 0.00649682 1219
bfr824_0.89_0.70_k0550 topna 3 15.3319 57 0.00624649 1199
bfr824_0.89_0.70_k0550 topna 2 16.2264 63 0.00691581 1250
bfr824_0.89_0.70_k0550 topna 1 15.7609 62 0.00670726 1242
bfr824_0.89_0.70_k0550 topnb 1 15.744 62 0.00670726 1242
bfr824_0.92_0.02_k0550 topna 3 15.0384 66 0.00660132 1223
bfr824_0.89_0.70_k0550 topnb 3 15.2452 57 0.00624649 1199
bfr824_0.92_0.02_k0550 topna 2 15.8107 64 0.00762609 1289
bfr824_0.89_0.70_k0550 topnb 2 16.892 68 0.00710573 1268
bfr824_0.92_0.02_k0550 topnb 1 15.761 74 0.00661017 1255
bfr824_0.92_0.02_k0550 topna 1 15.7681 74 0.00661017 1255
bfr824_0.92_0.02_k0550 topnb 2 15.8604 64 0.00762609 1289
bfr824_0.49_1.00_k0750 topna 2 16.4097 83 0.00924466 1733
bfr824_0.49_1.00_k0750 topna 1 15.0085 67 0.00865486 1644
bfr824_0.92_0.02_k0550 topnb 3 14.9697 66 0.00659592 1222
bfr824_0.49_1.00_k0750 topna 3 16.9422 106 0.00895238 1679
bfr824_0.49_1.00_k0750 topnb 2 16.3999 83 0.00924466 1733
bfr824_0.50_-0.00_k0750 topna 1 15.7703 55 0.00871051 1654
bfr824_0.49_1.00_k0750 topnb 3 16.9548 106 0.00896304 1681
bfr824_0.49_1.00_k0750 topnb 1 14.9842 66 0.00876041 1644
bfr824_0.50_-0.00_k0750 topna 3 16.7452 95 0.00849485 1613
bfr824_0.50_-0.00_k0750 topnb 1 15.6442 58 0.00892749 1695
bfr824_0.50_-0.00_k0750 topna 2 16.6365 67 0.00883991 1678
bfr824_0.50_-0.00_k0750 topnb 2 16.5244 66 0.00883991 1678
bfr824_0.50_-0.00_k0750 topnb 3 16.6321 95 0.00848958 1612
bfr824_0.59_-0.00_k0750 topna 3 16.7802 71 0.00870909 1633
bfr824_0.59_-0.00_k0750 topna 1 15.9316 64 0.00850331 1653
bfr824_0.59_-0.00_k0750 topna 2 16.6139 71 0.00894185 1637
bfr824_0.59_-0.00_k0750 topnb 2 16.6646 72 0.00883145 1637
bfr824_0.70_1.00_k0750 topna 1 16.5475 71 0.00850941 1653
bfr824_0.59_-0.00_k0750 topnb 1 15.8814 64 0.00849816 1652
bfr824_0.70_1.00_k0750 topna 2 15.7112 64 0.00854825 1641
bfr824_0.59_-0.00_k0750 topnb 3 16.7664 71 0.00872009 1635
bfr824_0.70_1.00_k0750 topnb 1 16.4952 70 0.00850427 1652
bfr824_0.70_1.00_k0750 topna 3 16.3908 73 0.00901904 1671
bfr824_0.70_1.00_k0750 topnb 2 15.7075 64 0.00854825 1641
bfr824_0.70_1.00_k0750 topnb 3 16.3542 73 0.00906762 1680
bfr824_0.73_-0.00_k0750 topna 3 15.6409 66 0.00902579 1671
bfr824_0.73_-0.00_k0750 topna 2 15.423 61 0.00858593 1669
bfr824_0.73_-0.00_k0750 topnb 2 15.4292 61 0.00874014 1659
bfr824_0.73_-0.00_k0750 topna 1 15.9341 68 0.00882473 1654
bfr824_0.73_-0.00_k0750 topnb 1 15.9994 68 0.00882473 1654
bfr824_0.73_-0.00_k0750 topnb 3 15.6332 65 0.00902579 1671
bfr824_0.82_0.94_k0750 topna 1 16.0739 64 0.00926152 1650
bfr824_0.82_0.94_k0750 topna 2 17.4682 76 0.00904103 1696
bfr824_0.82_0.94_k0750 topnb 2 17.4652 79 0.00860681 1653
bfr824_0.82_0.94_k0750 topna 3 16.6738 69 0.00859429 1671
bfr824_0.82_0.94_k0750 topnb 1 16.1388 65 0.00926152 1650
bfr824_0.89_0.70_k0750 topna 3 18.5056 92 0.00873029 1697
bfr824_0.89_0.70_k0750 topna 1 16.9229 67 0.00852255 1635
bfr824_0.89_0.70_k0750 topna 2 17.2359 82 0.00859823 1632
bfr824_0.82_0.94_k0750 topnb 3 16.5829 71 0.0084206 1676
bfr824_0.89_0.70_k0750 topnb 1 17.3627 68 0.00912284 1646
bfr824_0.92_0.02_k0750 topna 2 16.3005 70 0.00906346 1657
bfr824_0.89_0.70_k0750 topnb 2 17.2426 82 0.00859823 1632
bfr824_0.92_0.02_k0750 topna 1 16.393 70 0.00840658 1692
bfr824_0.92_0.02_k0750 topna 3 16.9886 95 0.00911466 1752
bfr824_0.89_0.70_k0750 topnb 3 18.6941 94 0.00855975 1703
bfr824_0.92_0.02_k0750 topnb 3 16.9943 95 0.00911466 1752
bfr824_0.92_0.02_k0750 topnb 2 16.2161 70 0.00906346 1657
bfr824_0.92_0.02_k0750 topnb 1 16.4208 69 0.00840658 1692
bfr824_0.49_1.00_k0950 topna 1 17.8279 114 0.0107677 2092
bfr824_0.49_1.00_k0950 topna 2 16.1451 76 0.0107039 2054
bfr824_0.49_1.00_k0950 topnb 1 17.7333 111 0.0107677 2092
bfr824_0.50_-0.00_k0950 topna 2 18.8057 112 0.0107087 2157
bfr824_0.50_-0.00_k0950 topna 1 17.3825 74 0.0107883 2097
bfr824_0.49_1.00_k0950 topna 3 16.6147 88 0.0104702 2084
bfr824_0.49_1.00_k0950 topnb 2 18.4151 112 0.0114154 2166
bfr824_0.50_-0.00_k0950 topna 3 18.6223 118 0.0106659 2121
bfr824_0.49_1.00_k0950 topnb 3 16.6771 88 0.0104702 2084
bfr824_0.50_-0.00_k0950 topnb 1 17.3994 72 0.010742 2088
bfr824_0.59_-0.00_k0950 topnb 1 19.9407 108 0.01067 2124
bfr824_0.50_-0.00_k0950 topnb 2 18.9675 125 0.0106502 2120
bfr824_0.59_-0.00_k0950 topna 3 17.596 88 0.0113045 2094
bfr824_0.59_-0.00_k0950 topna 1 18.699 94 0.0107528 2116
bfr824_0.50_-0.00_k0950 topnb 3 18.6879 115 0.010664 2121
bfr824_0.59_-0.00_k0950 topna 2 18.8172 103 0.0106556 2145
bfr824_0.59_-0.00_k0950 topnb 2 18.6461 99 0.0104376 2125
bfr824_0.59_-0.00_k0950 topnb 3 17.5189 82 0.0112994 2093
bfr824_0.70_1.00_k0950 topnb 2 18.9028 109 0.0111651 2171
bfr824_0.70_1.00_k0950 topna 1 21.7484 194 0.0107228 2134
bfr824_0.70_1.00_k0950 topna 3 20.208 162 0.0108233 2130
bfr824_0.70_1.00_k0950 topnb 1 21.8342 199 0.0107278 2135
bfr824_0.70_1.00_k0950 topna 2 19.2623 115 0.0108078 2177
bfr824_0.70_1.00_k0950 topnb 3 20.2206 162 0.010803 2126
bfr824_0.73_-0.00_k0950 topnb 1 17.7342 90 0.0107331 2111
bfr824_0.73_-0.00_k0950 topna 1 17.7409 88 0.0107331 2111
bfr824_0.73_-0.00_k0950 topna 3 17.4494 87 0.0109632 2105
bfr824_0.73_-0.00_k0950 topnb 2 17.9263 88 0.0109416 2076
bfr824_0.73_-0.00_k0950 topna 2 17.9239 88 0.0109416 2076
bfr824_0.82_0.94_k0950 topna 1 22.0579 150 0.0105883 2106
bfr824_0.82_0.94_k0950 topnb 1 20.6618 124 0.0108735 2114
bfr824_0.82_0.94_k0950 topna 3 20.6021 152 0.0114012 2164
bfr824_0.73_-0.00_k0950 topnb 3 17.4841 87 0.01096 2105
bfr824_0.82_0.94_k0950 topna 2 18.8502 88 0.0113587 2156
bfr824_0.82_0.94_k0950 topnb 2 18.6047 83 0.0110773 2153
bfr824_0.82_0.94_k0950 topnb 3 18.5935 95 0.0107814 2118
bfr824_0.89_0.70_k0950 topna 2 19.7075 120 0.0110757 2154
bfr824_0.89_0.70_k0950 topna 1 17.4657 68 0.0107941 2098
bfr824_0.89_0.70_k0950 topna 3 19.7681 114 0.010945 2104
bfr824_0.89_0.70_k0950 topnb 1 17.3351 67 0.0107491 2089
bfr824_0.92_0.02_k0950 topna 2 21.1334 157 0.0108943 2091
bfr824_0.89_0.70_k0950 topnb 2 20.4839 127 0.0109549 2180
bfr824_0.92_0.02_k0950 topna 3 19.8849 163 0.0111223 2112
bfr824_0.92_0.02_k0950 topna 1 18.4464 105 0.0117298 2117
bfr824_0.89_0.70_k0950 topnb 3 19.778 114 0.010945 2104
bfr824_0.92_0.02_k0950 topnb 1 18.4781 107 0.0107833 2119
bfr824_0.92_0.02_k0950 topnb 2 21.193 160 0.0108526 2083
bfr824_0.92_0.02_k0950 topnb 3 19.8688 163 0.0111223 2112
bfr824_0.49_1.00_k1150 topna 3 24.4303 226 0.013571 2638
bfr824_0.49_1.00_k1150 topna 2 35.6326 396 0.0129395 2575
bfr824_0.49_1.00_k1150 topna 1 25.2747 224 0.0124924 2599
bfr824_0.49_1.00_k1150 topnb 2 35.4303 393 0.0129395 2575
bfr824_0.49_1.00_k1150 topnb 1 21.2247 133 0.0131243 2581
bfr824_0.49_1.00_k1150 topnb 3 21.8097 173 0.0130922 2606
bfr824_0.50_-0.00_k1150 topna 1 30.0764 328 0.0132764 2551
bfr824_0.50_-0.00_k1150 topna 3 22.0087 166 0.0129312 2633
bfr824_0.50_-0.00_k1150 topna 2 26.3827 215 0.0132272 2663
bfr824_0.50_-0.00_k1150 topnb 1 30.0206 328 0.0133688 2568
bfr824_0.50_-0.00_k1150 topnb 2 26.4609 215 0.013271 2671
bfr824_0.59_-0.00_k1150 topna 1 23.6877 208 0.0126175 2597
bfr824_0.50_-0.00_k1150 topnb 3 24.9264 201 0.0132887 2676
bfr824_0.59_-0.00_k1150 topna 2 21.6694 138 0.0129935 2526
bfr824_0.59_-0.00_k1150 topnb 3 28.3205 241 0.0132593 2640
bfr824_0.59_-0.00_k1150 topnb 1 20.6372 122 0.0126837 2583
bfr824_0.70_1.00_k1150 topna 3 30.2786 352 0.0133054 2617
bfr824_0.59_-0.00_k1150 topna 3 25.8418 193 0.0127841 2573
bfr824_0.70_1.00_k1150 topna 1 18.9313 91 0.0126589 2549
bfr824_0.70_1.00_k1150 topna 2 24.5555 171 0.0128123 2549
bfr824_0.59_-0.00_k1150 topnb 2 21.6701 137 0.0133013 2525
bfr824_0.70_1.00_k1150 topnb 1 19.1512 91 0.0126788 2553
bfr824_0.70_1.00_k1150 topnb 2 29.5097 340 0.012781 2572
bfr824_0.73_-0.00_k1150 topna 2 38.4046 432 0.0132288 2632
bfr824_0.73_-0.00_k1150 topna 1 25.4793 216 0.0133382 2562
bfr824_0.70_1.00_k1150 topnb 3 21.2242 136 0.0132382 2574
bfr824_0.73_-0.00_k1150 topna 3 26.0886 210 0.0139661 2652
bfr824_0.73_-0.00_k1150 topnb 3 25.9751 201 0.0138148 2653
bfr824_0.82_0.94_k1150 topna 1 36.3741 347 0.0130779 2633
bfr824_0.73_-0.00_k1150 topnb 1 25.5504 218 0.0133382 2562
bfr824_0.73_-0.00_k1150 topnb 2 38.1151 432 0.0132288 2632
bfr824_0.82_0.94_k1150 topna 3 29.8257 288 0.0128216 2611
bfr824_0.82_0.94_k1150 topnb 3 25.3171 248 0.0131599 2589
bfr824_0.82_0.94_k1150 topnb 2 28.7327 341 0.0134798 2682
bfr824_0.82_0.94_k1150 topna 2 27.2693 205 0.0135202 2659
bfr824_0.82_0.94_k1150 topnb 1 35.11 312 0.0130096 2590
bfr824_0.89_0.70_k1150 topna 2 25.1796 186 0.0131953 2656
bfr824_0.89_0.70_k1150 topna 1 23.6466 145 0.0132787 2612
bfr824_0.89_0.70_k1150 topna 3 27.2618 227 0.0130394 2624
bfr824_0.89_0.70_k1150 topnb 2 27.8013 289 0.0134089 2607
bfr824_0.89_0.70_k1150 topnb 1 29.4474 394 0.0129918 2615
bfr824_0.89_0.70_k1150 topnb 3 23.4965 192 0.0129453 2604
bfr824_0.92_0.02_k1150 topna 1 20.8724 128 0.0126753 2524
bfr824_0.92_0.02_k1150 topnb 1 20.8866 128 0.0126703 2523
bfr824_0.92_0.02_k1150 topna 2 22.8988 181 0.0140208 2598
bfr824_0.92_0.02_k1150 topnb 3 25.0691 243 0.0125099 2547
bfr824_0.92_0.02_k1150 topna 3 27.9427 284 0.0126018 2566
bfr824_0.92_0.02_k1150 topnb 2 22.9045 181 0.0140208 2598
bfr824_0.49_1.00_k1400 topna 3 72.9062 883 0.015275 3145
bfr824_0.49_1.00_k1400 topna 2 33.5709 368 0.0157464 3167
bfr824_0.49_1.00_k1400 topnb 1 31.8755 329 0.0158009 3108
bfr824_0.49_1.00_k1400 topna 1 32.2825 339 0.015439 3179
bfr824_0.49_1.00_k1400 topnb 2 32.2596 311 0.0157415 3166
bfr824_0.50_-0.00_k1400 topna 2 48.9163 550 0.0153871 3096
bfr824_0.50_-0.00_k1400 topna 1 49.6409 673 0.0160794 3127
bfr824_0.49_1.00_k1400 topnb 3 71.7584 882 0.0156009 3212
bfr824_0.50_-0.00_k1400 topna 3 30.9506 288 0.0159306 3280
bfr824_0.50_-0.00_k1400 topnb 1 50.8481 688 0.0161128 3133
bfr824_0.50_-0.00_k1400 topnb 2 48.5223 561 0.0153946 3096
bfr824_0.59_-0.00_k1400 topna 1 48.8935 540 0.015744 3135
bfr824_0.59_-0.00_k1400 topna 3 52.8475 658 0.0153039 3081
bfr824_0.59_-0.00_k1400 topnb 1 43.4833 486 0.0154983 3118
bfr824_0.59_-0.00_k1400 topna 2 29.6936 259 0.0154405 3143
bfr824_0.50_-0.00_k1400 topnb 3 41.7745 562 0.0163874 3299
bfr824_0.59_-0.00_k1400 topnb 2 29.5798 259 0.0154766 3115
bfr824_0.59_-0.00_k1400 topnb 3 44.685 584 0.0158276 3114
bfr824_0.70_1.00_k1400 topna 2 84.0389 978 0.0159079 3238
bfr824_0.70_1.00_k1400 topnb 2 89.8549 1711 0.0155714 3205
bfr824_0.70_1.00_k1400 topna 1 29.6459 237 0.0148874 3098
bfr824_0.70_1.00_k1400 topnb 1 56.4356 918 0.0154305 3175
bfr824_0.70_1.00_k1400 topna 3 47.9884 661 0.0154821 3186
bfr824_0.73_-0.00_k1400 topna 1 26.5423 229 0.0150434 3096
bfr824_0.70_1.00_k1400 topnb 3 44.2545 559 0.0154236 3139
bfr824_0.73_-0.00_k1400 topna 2 46.622 761 0.0154141 3066
bfr824_0.73_-0.00_k1400 topnb 2 42.1008 651 0.0152152 3096
bfr824_0.73_-0.00_k1400 topna 3 88.4139 1171 0.0155694 3242
bfr824_0.73_-0.00_k1400 topnb 1 26.8609 246 0.0154607 3112
bfr824_0.73_-0.00_k1400 topnb 3 88.3577 1171 0.0155724 3243
bfr824_0.82_0.94_k1400 topna 1 42.1631 590 0.0155313 3091
bfr824_0.82_0.94_k1400 topna 2 30.3711 296 0.0156325 3112
bfr824_0.82_0.94_k1400 topna 3 69.2483 1271 0.0159635 3250
bfr824_0.82_0.94_k1400 topnb 2 39.478 353 0.0152374 3136
bfr824_0.82_0.94_k1400 topnb 3 27.9178 254 0.0156656 3188
bfr824_0.82_0.94_k1400 topnb 1 58.7659 656 0.0154256 3105
bfr824_0.89_0.70_k1400 topna 2 53.3005 901 0.0156108 3105
bfr824_0.89_0.70_k1400 topnb 3 40.3485 514 0.015739 3168
bfr824_0.89_0.70_k1400 topnb 2 42.1831 438 0.0153582 3124
bfr824_0.89_0.70_k1400 topna 1 43.4082 694 0.0154012 3136
bfr824_0.89_0.70_k1400 topna 3 49.2074 639 0.0158298 3260
bfr824_0.92_0.02_k1400 topna 1 36.3998 405 0.0153169 3154
bfr824_0.89_0.70_k1400 topnb 1 41.8793 453 0.0150856 3139
bfr824_0.92_0.02_k1400 topna 3 45.5762 614 0.0151872 3091
bfr824_0.92_0.02_k1400 topna 2 46.4942 698 0.0154141 3173
bfr824_0.92_0.02_k1400 topnb 2 44.9413 702 0.0151366 3116
bfr824_0.92_0.02_k1400 topnb 1 70.8256 956 0.0157061 3160
bfr824_0.92_0.02_k1400 topnb 3 60.7091 784 0.0153489 3090
bfr824_0.49_1.00_k1700 topna 1 171.961 2477 0.0182055 3787
bfr824_0.49_1.00_k1700 topnb 1 165.239 2416 0.0184221 3789
bfr824_0.49_1.00_k1700 topnb 2 106.68 1470 0.0191609 3856
bfr824_0.49_1.00_k1700 topna 2 100.942 1433 0.019141 3852
bfr824_0.49_1.00_k1700 topna 3 98.2606 1362 0.0185863 3826
bfr824_0.50_-0.00_k1700 topna 1 102.109 1442 0.0184328 3751
bfr824_0.49_1.00_k1700 topnb 3 102.468 1537 0.0187767 3865
bfr824_0.50_-0.00_k1700 topna 2 115.317 1729 0.0188618 3839
bfr824_0.50_-0.00_k1700 topna 3 97.4501 1313 0.0185443 3861
bfr824_0.50_-0.00_k1700 topnb 2 86.1622 1220 0.0182436 3797
bfr824_0.50_-0.00_k1700 topnb 1 107.942 1558 0.0180517 3756
bfr824_0.59_-0.00_k1700 topna 2 106.789 1333 0.0190287 3916
bfr824_0.50_-0.00_k1700 topnb 3 90.8252 1169 0.0189069 3850
bfr824_0.59_-0.00_k1700 topna 1 80.7169 1155 0.0182663 3759
bfr824_0.59_-0.00_k1700 topnb 3 101.787 1414 0.0184713 3803
bfr824_0.59_-0.00_k1700 topnb 1 102.403 1333 0.01877 3820
bfr824_0.59_-0.00_k1700 topna 3 83.0341 1153 0.0188091 3786
bfr824_0.59_-0.00_k1700 topnb 2 138.515 2026 0.0191059 3932
bfr824_0.70_1.00_k1700 topna 1 69.8306 1009 0.0180641 3760
bfr824_0.70_1.00_k1700 topna 2 99.4798 1363 0.0184797 3845
bfr824_0.70_1.00_k1700 topna 3 133.193 1898 0.0186683 3842
bfr824_0.70_1.00_k1700 topnb 2 89.814 1505 0.0186512 3795
bfr824_0.70_1.00_k1700 topnb 1 95.242 1452 0.0184048 3789
bfr824_0.73_-0.00_k1700 topna 1 95.9747 1291 0.0186334 3834
bfr824_0.70_1.00_k1700 topnb 3 147.58 1780 0.018662 3883
bfr824_0.73_-0.00_k1700 topnb 1 96.0433 1291 0.0186355 3835
bfr824_0.73_-0.00_k1700 topna 3 120.523 1641 0.018756 3905
bfr824_0.73_-0.00_k1700 topna 2 87.5052 1284 0.0188858 3844
bfr824_0.73_-0.00_k1700 topnb 2 88.3378 1181 0.0189039 3848
bfr824_0.73_-0.00_k1700 topnb 3 98.6953 1351 0.0190363 3919
bfr824_0.82_0.94_k1700 topna 1 100.173 1280 0.0184394 3796
bfr824_0.82_0.94_k1700 topna 3 71.7899 1050 0.018518 3813
bfr824_0.82_0.94_k1700 topna 2 93.9483 1526 0.0187061 3807
bfr824_0.82_0.94_k1700 topnb 1 90.9695 1085 0.0188164 3830
bfr824_0.82_0.94_k1700 topnb 2 88.0878 1336 0.0185476 3734
bfr824_0.82_0.94_k1700 topnb 3 86.1232 1160 0.0184512 3798
bfr824_0.89_0.70_k1700 topna 1 63.0335 813 0.0180911 3765
bfr824_0.89_0.70_k1700 topnb 1 80.6751 1176 0.0179821 3743
bfr824_0.89_0.70_k1700 topna 2 82.7965 1122 0.0180061 3749
bfr824_0.89_0.70_k1700 topnb 3 99.5705 1307 0.0183536 3821
bfr824_0.89_0.70_k1700 topnb 2 59.8505 785 0.0182103 3792
bfr824_0.92_0.02_k1700 topna 1 85.2317 1455 0.0192439 3829
bfr824_0.89_0.70_k1700 topna 3 105.96 1873 0.0184922 3806
bfr824_0.92_0.02_k1700 topna 2 121.047 1827 0.018674 3886
bfr824_0.92_0.02_k1700 topna 3 109.853 1370 0.0180471 3713
bfr824_0.92_0.02_k1700 topnb 1 77.5282 1064 0.0186899 3847
bfr824_0.92_0.02_k1700 topnb 2 109.604 1809 0.0186631 3756
bfr824_0.92_0.02_k1700 topnb 3 144.396 1996 0.018951 3816
