% resnet50_bottleneck3  crossbar 128x128  mesh 6x6x3 (108 nodes)
% generated by stage2_dnn_traffic.py -- see STAGE2.md
% run with:  -size 16 16 -dimx 6 -dimy 6 -dimz 3 -traffic table traffics_dnn_6base/rn50_6b_ls0.020.txt
% sweep with: WARMUP_DP_CYCLES=3 SIM_DP_CYCLES=80  (DP_CYCLE=3240, SIM=259200, 6.7 block passes measured)
% LOAD_SCALE=0.02  CYCLES_PER_MAC=0.0002  t_period=38536
% phases:  conv1=[0,5138)  conv2=[5138,28259)  conv3=[28259,38535)  shortcut=[0,38535)
% PLACEMENT: XY-DIAGONAL relabelling of the above table
%   generated by remap_table_diagonal.py -- traffic graph,
%   rates and phase windows identical; only node ids differ.
% src dst pir por t_on t_off t_period
% ACCUMULATOR RELOCATION: 4<->43, 40<->63 (interior, 6 faces each)
     0    72 0.0002034567 0.0002034567 0 38535 38536
     1    74 0.0002034567 0.0002034567 0 38535 38536
     2    79 0.0002034567 0.0002034567 0 38535 38536
     3    81 0.0002034567 0.0002034567 0 38535 38536
    43    72 0.0003391003 0.0003391003 5138 28259 38536
    43    73 0.0003391003 0.0003391003 5138 28259 38536
    43    74 0.0003391003 0.0003391003 5138 28259 38536
    43    75 0.0003391003 0.0003391003 5138 28259 38536
    43    79 0.0003391003 0.0003391003 5138 28259 38536
    43    80 0.0003391003 0.0003391003 5138 28259 38536
    43    81 0.0003391003 0.0003391003 5138 28259 38536
    43    82 0.0003391003 0.0003391003 5138 28259 38536
     5    63 0.0013564014 0.0013564014 5138 28259 38536
     7     0 0.0008138268 0.0008138268 0 38535 38536
     8     1 0.0008138268 0.0008138268 0 38535 38536
     9     2 0.0008138268 0.0008138268 0 38535 38536
    10     3 0.0008138268 0.0008138268 0 38535 38536
    11    43 0.0013564014 0.0013564014 5138 28259 38536
     6    63 0.0013564014 0.0013564014 5138 28259 38536
    14     0 0.0008138268 0.0008138268 0 38535 38536
    15     1 0.0008138268 0.0008138268 0 38535 38536
    16     2 0.0008138268 0.0008138268 0 38535 38536
    17     3 0.0008138268 0.0008138268 0 38535 38536
    12    43 0.0013564014 0.0013564014 5138 28259 38536
    13    63 0.0013564014 0.0013564014 5138 28259 38536
    21     0 0.0008138268 0.0008138268 0 38535 38536
    22     1 0.0008138268 0.0008138268 0 38535 38536
    23     2 0.0008138268 0.0008138268 0 38535 38536
    18     3 0.0008138268 0.0008138268 0 38535 38536
    19    43 0.0013564014 0.0013564014 5138 28259 38536
    20    63 0.0013564014 0.0013564014 5138 28259 38536
    28     0 0.0002034567 0.0002034567 0 38535 38536
    28     1 0.0002034567 0.0002034567 0 38535 38536
    28     2 0.0002034567 0.0002034567 0 38535 38536
    28     3 0.0002034567 0.0002034567 0 38535 38536
    28    43 0.0001790929 0.0001790929 0 5138 38536
    28     5 0.0001790929 0.0001790929 0 5138 38536
    28    11 0.0001790929 0.0001790929 0 5138 38536
    28     6 0.0001907728 0.0001907728 0 5138 38536
    28    12 0.0001790929 0.0001790929 0 5138 38536
    28    13 0.0001790929 0.0001790929 0 5138 38536
    28    64 0.0015261826 0.0015261826 0 5138 38536
    28    36 0.0002034567 0.0002034567 0 38535 38536
    28    37 0.0002034567 0.0002034567 0 38535 38536
    28    38 0.0002034567 0.0002034567 0 38535 38536
    28    39 0.0002034567 0.0002034567 0 38535 38536
    28    63 0.0001790929 0.0001790929 0 5138 38536
    28    41 0.0001790929 0.0001790929 0 5138 38536
    28    47 0.0001790929 0.0001790929 0 5138 38536
    28    42 0.0001790929 0.0001790929 0 5138 38536
    28    48 0.0001790929 0.0001790929 0 5138 38536
    28    49 0.0001790929 0.0001790929 0 5138 38536
    28    76 0.0001790929 0.0001790929 0 5138 38536
    28    77 0.0001790929 0.0001790929 0 5138 38536
    28    83 0.0001907728 0.0001907728 0 5138 38536
    28    78 0.0001790929 0.0001790929 0 5138 38536
    28    84 0.0001790929 0.0001790929 0 5138 38536
    28    85 0.0001790929 0.0001790929 0 5138 38536
    64    19 0.0001790929 0.0001790929 0 5138 38536
    64    20 0.0001790929 0.0001790929 0 5138 38536
    64    65 0.0001790929 0.0001790929 0 5138 38536
    64    60 0.0001907728 0.0001907728 0 5138 38536
    64    98 0.0001790929 0.0001790929 0 5138 38536
    64    99 0.0001790929 0.0001790929 0 5138 38536
    64    55 0.0001790929 0.0001790929 0 5138 38536
    64    56 0.0001790929 0.0001790929 0 5138 38536
    64   101 0.0001790929 0.0001790929 0 5138 38536
    64    96 0.0001790929 0.0001790929 0 5138 38536
    64    27 0.0001790929 0.0001790929 0 5138 38536
    64    35 0.0001790929 0.0001790929 0 5138 38536
    64    91 0.0001790929 0.0001790929 0 5138 38536
    64    92 0.0001790929 0.0001790929 0 5138 38536
    64    24 0.0001907728 0.0001907728 0 5138 38536
    64    25 0.0001790929 0.0001790929 0 5138 38536
    64    40 0.0001790929 0.0001790929 0 5138 38536
    64    71 0.0001790929 0.0001790929 0 5138 38536
   100     7 0.0002034567 0.0002034567 0 38535 38536
   100     8 0.0002034567 0.0002034567 0 38535 38536
   100     9 0.0002034567 0.0002034567 0 38535 38536
   100    10 0.0002034567 0.0002034567 0 38535 38536
   100    28 0.0061047304 0.0061047304 0 5138 38536
   100    29 0.0015261826 0.0015261826 0 5138 38536
   100     4 0.0002034567 0.0002034567 0 38535 38536
   100    44 0.0002034567 0.0002034567 0 38535 38536
   100    45 0.0002034567 0.0002034567 0 38535 38536
   100    46 0.0002034567 0.0002034567 0 38535 38536
    29    64 0.0061047304 0.0061047304 0 5138 38536
    65    43 0.0013564014 0.0013564014 5138 28259 38536
    60    63 0.0013564014 0.0013564014 5138 28259 38536
    61    14 0.0002034567 0.0002034567 0 38535 38536
    61    15 0.0002034567 0.0002034567 0 38535 38536
    61    16 0.0002034567 0.0002034567 0 38535 38536
    61    17 0.0002034567 0.0002034567 0 38535 38536
    61    28 0.0061047304 0.0061047304 0 5138 38536
    61    97 0.0015261826 0.0015261826 0 5138 38536
    61    50 0.0002034567 0.0002034567 0 38535 38536
    61    51 0.0002034567 0.0002034567 0 38535 38536
    61    52 0.0002034567 0.0002034567 0 38535 38536
    61    53 0.0002034567 0.0002034567 0 38535 38536
    97    64 0.0061047304 0.0061047304 0 5138 38536
    26    21 0.0002034567 0.0002034567 0 38535 38536
    26    22 0.0002034567 0.0002034567 0 38535 38536
    26    23 0.0002034567 0.0002034567 0 38535 38536
    26    18 0.0002034567 0.0002034567 0 38535 38536
    26    28 0.0061047304 0.0061047304 0 5138 38536
    26    62 0.0015261826 0.0015261826 0 5138 38536
    26    57 0.0002034567 0.0002034567 0 38535 38536
    26    58 0.0002034567 0.0002034567 0 38535 38536
    26    59 0.0002034567 0.0002034567 0 38535 38536
    26    54 0.0002034567 0.0002034567 0 38535 38536
    62    64 0.0061047304 0.0061047304 0 5138 38536
    98    43 0.0013564014 0.0013564014 5138 28259 38536
    99    63 0.0013564014 0.0013564014 5138 28259 38536
    36    73 0.0002034567 0.0002034567 0 38535 38536
    37    75 0.0002034567 0.0002034567 0 38535 38536
    38    80 0.0002034567 0.0002034567 0 38535 38536
    39    82 0.0002034567 0.0002034567 0 38535 38536
    63    86 0.0003391003 0.0003391003 5138 28259 38536
    63    87 0.0003391003 0.0003391003 5138 28259 38536
    63    88 0.0003391003 0.0003391003 5138 28259 38536
    63    89 0.0003391003 0.0003391003 5138 28259 38536
    63    93 0.0003391003 0.0003391003 5138 28259 38536
    63    94 0.0003391003 0.0003391003 5138 28259 38536
    63    95 0.0003391003 0.0003391003 5138 28259 38536
    63    90 0.0003391003 0.0003391003 5138 28259 38536
    41    43 0.0013564014 0.0013564014 5138 28259 38536
     4    36 0.0008138268 0.0008138268 0 38535 38536
    44    37 0.0008138268 0.0008138268 0 38535 38536
    45    38 0.0008138268 0.0008138268 0 38535 38536
    46    39 0.0008138268 0.0008138268 0 38535 38536
    47    63 0.0013564014 0.0013564014 5138 28259 38536
    42    43 0.0013564014 0.0013564014 5138 28259 38536
    50    36 0.0008138268 0.0008138268 0 38535 38536
    51    37 0.0008138268 0.0008138268 0 38535 38536
    52    38 0.0008138268 0.0008138268 0 38535 38536
    53    39 0.0008138268 0.0008138268 0 38535 38536
    48    63 0.0013564014 0.0013564014 5138 28259 38536
    49    43 0.0013564014 0.0013564014 5138 28259 38536
    57    36 0.0008138268 0.0008138268 0 38535 38536
    58    37 0.0008138268 0.0008138268 0 38535 38536
    59    38 0.0008138268 0.0008138268 0 38535 38536
    54    39 0.0008138268 0.0008138268 0 38535 38536
    55    63 0.0013564014 0.0013564014 5138 28259 38536
    56    43 0.0013564014 0.0013564014 5138 28259 38536
   101    63 0.0013564014 0.0013564014 5138 28259 38536
    96    43 0.0013564014 0.0013564014 5138 28259 38536
    27    63 0.0013564014 0.0013564014 5138 28259 38536
    35    43 0.0013564014 0.0013564014 5138 28259 38536
    76    43 0.0013564014 0.0013564014 5138 28259 38536
    77    63 0.0013564014 0.0013564014 5138 28259 38536
    83    43 0.0013564014 0.0013564014 5138 28259 38536
    78    63 0.0013564014 0.0013564014 5138 28259 38536
    86    72 0.0030520681 0.0030520681 28259 38535 38536
    87    73 0.0030520681 0.0030520681 28259 38535 38536
    88    74 0.0030520681 0.0030520681 28259 38535 38536
    89    75 0.0030520681 0.0030520681 28259 38535 38536
    84    43 0.0013564014 0.0013564014 5138 28259 38536
    85    63 0.0013564014 0.0013564014 5138 28259 38536
    93    79 0.0030520681 0.0030520681 28259 38535 38536
    94    80 0.0030520681 0.0030520681 28259 38535 38536
    95    81 0.0030520681 0.0030520681 28259 38535 38536
    90    82 0.0030520681 0.0030520681 28259 38535 38536
    91    43 0.0013564014 0.0013564014 5138 28259 38536
    92    63 0.0013564014 0.0013564014 5138 28259 38536
    24    43 0.0013564014 0.0013564014 5138 28259 38536
    25    63 0.0013564014 0.0013564014 5138 28259 38536
    40    43 0.0013564014 0.0013564014 5138 28259 38536
    71    63 0.0013564014 0.0013564014 5138 28259 38536
