   93    53 0.0044083045 0.0044083045        0    23121   115606
   93    94 0.0044083045 0.0044083045        0    23121   115606
   93    90 0.0044083045 0.0044083045        0    23121   115606
   93    59 0.0044083045 0.0044083045        0    23121   115606
   93    46 0.0044083045 0.0044083045        0    23121   115606
   93     9 0.0044083045 0.0044083045        0    23121   115606
   93    92 0.0044083045 0.0044083045        0    23121   115606
   53    59 0.0015153547 0.0015153547        0    23121   115606
   53    46 0.0015153547 0.0015153547        0    23121   115606
   53     9 0.0015153547 0.0015153547        0    23121   115606
   53    92 0.0015153547 0.0015153547        0    23121   115606
   53    95 0.0029618296 0.0029618296        0    23121   115606
   53    47 0.0029618296 0.0029618296        0    23121   115606
   53    10 0.0029618296 0.0029618296        0    23121   115606
   53    56 0.0029618296 0.0029618296        0    23121   115606
   94    95 0.0029618296 0.0029618296        0    23121   115606
   94    47 0.0029618296 0.0029618296        0    23121   115606
   94    10 0.0029618296 0.0029618296        0    23121   115606
   94    56 0.0029618296 0.0029618296        0    23121   115606
   94    58 0.0015153547 0.0015153547        0    23121   115606
   94    82 0.0015153547 0.0015153547        0    23121   115606
   94    45 0.0015153547 0.0015153547        0    23121   115606
   94    91 0.0015153547 0.0015153547        0    23121   115606
   90    58 0.0044083045 0.0044083045        0    23121   115606
   90    82 0.0044083045 0.0044083045        0    23121   115606
   90    45 0.0044083045 0.0044083045        0    23121   115606
   90    91 0.0044083045 0.0044083045        0    23121   115606
   99    93 0.0176332180 0.0176332180        0    23121   115606
   99    89 0.0044083045 0.0044083045        0    23121   115606
   99   100 0.0044083045 0.0044083045        0    23121   115606
   99    96 0.0044083045 0.0044083045        0    23121   115606
   89    53 0.0176332180 0.0176332180        0    23121   115606
  100    94 0.0176332180 0.0176332180        0    23121   115606
   96    90 0.0176332180 0.0176332180        0    23121   115606
   59    51 0.0022041046 0.0022041046    23121    69363   115606
   59    65 0.0022041046 0.0022041046    23121    69363   115606
   59    43 0.0022041046 0.0022041046    23121    69363   115606
   59    68 0.0022041046 0.0022041046    23121    69363   115606
   46    51 0.0007576609 0.0007576609    23121    69363   115606
   46    65 0.0007576609 0.0007576609    23121    69363   115606
   46    43 0.0007576609 0.0007576609    23121    69363   115606
   46    68 0.0007576609 0.0007576609    23121    69363   115606
   46    52 0.0014808828 0.0014808828    23121    69363   115606
   46    29 0.0014808828 0.0014808828    23121    69363   115606
   46    44 0.0014808828 0.0014808828    23121    69363   115606
   46    32 0.0014808828 0.0014808828    23121    69363   115606
    9    52 0.0014808828 0.0014808828    23121    69363   115606
    9    29 0.0014808828 0.0014808828    23121    69363   115606
    9    44 0.0014808828 0.0014808828    23121    69363   115606
    9    32 0.0014808828 0.0014808828    23121    69363   115606
    9    50 0.0007576609 0.0007576609    23121    69363   115606
    9    64 0.0007576609 0.0007576609    23121    69363   115606
    9    79 0.0007576609 0.0007576609    23121    69363   115606
    9    62 0.0007576609 0.0007576609    23121    69363   115606
   92    50 0.0022041046 0.0022041046    23121    69363   115606
   92    64 0.0022041046 0.0022041046    23121    69363   115606
   92    79 0.0022041046 0.0022041046    23121    69363   115606
   92    62 0.0022041046 0.0022041046    23121    69363   115606
   95    59 0.0088164183 0.0088164183    23121    69363   115606
   47    46 0.0088164183 0.0088164183    23121    69363   115606
   10     9 0.0088164183 0.0088164183    23121    69363   115606
   56    92 0.0088164183 0.0088164183    23121    69363   115606
   58    59 0.0088164183 0.0088164183    23121    69363   115606
   82    46 0.0088164183 0.0088164183    23121    69363   115606
   45     9 0.0088164183 0.0088164183    23121    69363   115606
   91    92 0.0088164183 0.0088164183    23121    69363   115606
   52    51 0.0088164183 0.0088164183    69363   115605   115606
   29    65 0.0088164183 0.0088164183    69363   115605   115606
   44    43 0.0088164183 0.0088164183    69363   115605   115606
   32    68 0.0088164183 0.0088164183    69363   115605   115606
   50    51 0.0088164183 0.0088164183    69363   115605   115606
   64    65 0.0088164183 0.0088164183    69363   115605   115606
   79    43 0.0088164183 0.0088164183    69363   115605   115606
   62    68 0.0088164183 0.0088164183    69363   115605   115606
