   50    49 0.0054256055 0.0054256055        0    23121   115606
   50    13 0.0054256055 0.0054256055        0    23121   115606
   50    22 0.0054256055 0.0054256055        0    23121   115606
   50    86 0.0054256055 0.0054256055        0    23121   115606
   50    88 0.0054256055 0.0054256055        0    23121   115606
   50    45 0.0054256055 0.0054256055        0    23121   115606
   50    44 0.0054256055 0.0054256055        0    23121   115606
   49    86 0.0018650519 0.0018650519        0    23121   115606
   49    88 0.0018650519 0.0018650519        0    23121   115606
   49    45 0.0018650519 0.0018650519        0    23121   115606
   49    44 0.0018650519 0.0018650519        0    23121   115606
   49    85 0.0036453287 0.0036453287        0    23121   115606
   49    87 0.0036453287 0.0036453287        0    23121   115606
   49    51 0.0036453287 0.0036453287        0    23121   115606
   49    43 0.0036453287 0.0036453287        0    23121   115606
   13    85 0.0036453287 0.0036453287        0    23121   115606
   13    87 0.0036453287 0.0036453287        0    23121   115606
   13    51 0.0036453287 0.0036453287        0    23121   115606
   13    43 0.0036453287 0.0036453287        0    23121   115606
   13    93 0.0018650519 0.0018650519        0    23121   115606
   13    89 0.0018650519 0.0018650519        0    23121   115606
   13     9 0.0018650519 0.0018650519        0    23121   115606
   13     8 0.0018650519 0.0018650519        0    23121   115606
   22    93 0.0054256055 0.0054256055        0    23121   115606
   22    89 0.0054256055 0.0054256055        0    23121   115606
   22     9 0.0054256055 0.0054256055        0    23121   115606
   22     8 0.0054256055 0.0054256055        0    23121   115606
   56    50 0.0217024222 0.0217024222        0    23121   115606
   56    55 0.0054256055 0.0054256055        0    23121   115606
   56    26 0.0054256055 0.0054256055        0    23121   115606
   56    23 0.0054256055 0.0054256055        0    23121   115606
   55    49 0.0217024222 0.0217024222        0    23121   115606
   26    13 0.0217024222 0.0217024222        0    23121   115606
   23    22 0.0217024222 0.0217024222        0    23121   115606
   86    11 0.0027127441 0.0027127441    23121    69363   115606
   86    10 0.0027127441 0.0027127441    23121    69363   115606
   86   100 0.0027127441 0.0027127441    23121    69363   115606
   86    52 0.0027127441 0.0027127441    23121    69363   115606
   88    11 0.0009325058 0.0009325058    23121    69363   115606
   88    10 0.0009325058 0.0009325058    23121    69363   115606
   88   100 0.0009325058 0.0009325058    23121    69363   115606
   88    52 0.0009325058 0.0009325058    23121    69363   115606
   88    47 0.0018226250 0.0018226250    23121    69363   115606
   88    16 0.0018226250 0.0018226250    23121    69363   115606
   88    94 0.0018226250 0.0018226250    23121    69363   115606
   88    58 0.0018226250 0.0018226250    23121    69363   115606
   45    47 0.0018226250 0.0018226250    23121    69363   115606
   45    16 0.0018226250 0.0018226250    23121    69363   115606
   45    94 0.0018226250 0.0018226250    23121    69363   115606
   45    58 0.0018226250 0.0018226250    23121    69363   115606
   45     5 0.0009325058 0.0009325058    23121    69363   115606
   45     4 0.0009325058 0.0009325058    23121    69363   115606
   45    64 0.0009325058 0.0009325058    23121    69363   115606
   45    46 0.0009325058 0.0009325058    23121    69363   115606
   44     5 0.0027127441 0.0027127441    23121    69363   115606
   44     4 0.0027127441 0.0027127441    23121    69363   115606
   44    64 0.0027127441 0.0027127441    23121    69363   115606
   44    46 0.0027127441 0.0027127441    23121    69363   115606
   85    86 0.0108509764 0.0108509764    23121    69363   115606
   87    88 0.0108509764 0.0108509764    23121    69363   115606
   51    45 0.0108509764 0.0108509764    23121    69363   115606
   43    44 0.0108509764 0.0108509764    23121    69363   115606
   93    86 0.0108509764 0.0108509764    23121    69363   115606
   89    88 0.0108509764 0.0108509764    23121    69363   115606
    9    45 0.0108509764 0.0108509764    23121    69363   115606
    8    44 0.0108509764 0.0108509764    23121    69363   115606
   47    11 0.0108509764 0.0108509764    69363   115605   115606
   16    10 0.0108509764 0.0108509764    69363   115605   115606
   94   100 0.0108509764 0.0108509764    69363   115605   115606
   58    52 0.0108509764 0.0108509764    69363   115605   115606
    5    11 0.0108509764 0.0108509764    69363   115605   115606
    4    10 0.0108509764 0.0108509764    69363   115605   115606
   64   100 0.0108509764 0.0108509764    69363   115605   115606
   46    52 0.0108509764 0.0108509764    69363   115605   115606
