   57    58 0.0054256055 0.0054256055        0    23121   115606
   57    93 0.0054256055 0.0054256055        0    23121   115606
   57    56 0.0054256055 0.0054256055        0    23121   115606
   57    16 0.0054256055 0.0054256055        0    23121   115606
   57    86 0.0054256055 0.0054256055        0    23121   115606
   57    85 0.0054256055 0.0054256055        0    23121   115606
   57    25 0.0054256055 0.0054256055        0    23121   115606
   58    16 0.0018650519 0.0018650519        0    23121   115606
   58    86 0.0018650519 0.0018650519        0    23121   115606
   58    85 0.0018650519 0.0018650519        0    23121   115606
   58    25 0.0018650519 0.0018650519        0    23121   115606
   58    17 0.0036453287 0.0036453287        0    23121   115606
   58    92 0.0036453287 0.0036453287        0    23121   115606
   58    49 0.0036453287 0.0036453287        0    23121   115606
   58    61 0.0036453287 0.0036453287        0    23121   115606
   93    17 0.0036453287 0.0036453287        0    23121   115606
   93    92 0.0036453287 0.0036453287        0    23121   115606
   93    49 0.0036453287 0.0036453287        0    23121   115606
   93    61 0.0036453287 0.0036453287        0    23121   115606
   93    52 0.0018650519 0.0018650519        0    23121   115606
   93    50 0.0018650519 0.0018650519        0    23121   115606
   93    91 0.0018650519 0.0018650519        0    23121   115606
   93    26 0.0018650519 0.0018650519        0    23121   115606
   56    52 0.0054256055 0.0054256055        0    23121   115606
   56    50 0.0054256055 0.0054256055        0    23121   115606
   56    91 0.0054256055 0.0054256055        0    23121   115606
   56    26 0.0054256055 0.0054256055        0    23121   115606
   22    57 0.0217024222 0.0217024222        0    23121   115606
   22    59 0.0054256055 0.0054256055        0    23121   115606
   22    64 0.0054256055 0.0054256055        0    23121   115606
   22    55 0.0054256055 0.0054256055        0    23121   115606
   59    58 0.0217024222 0.0217024222        0    23121   115606
   64    93 0.0217024222 0.0217024222        0    23121   115606
   55    56 0.0217024222 0.0217024222        0    23121   115606
   16    46 0.0027127441 0.0027127441    23121    69363   115606
   16    45 0.0027127441 0.0027127441    23121    69363   115606
   16    20 0.0027127441 0.0027127441    23121    69363   115606
   16    21 0.0027127441 0.0027127441    23121    69363   115606
   86    46 0.0009325058 0.0009325058    23121    69363   115606
   86    45 0.0009325058 0.0009325058    23121    69363   115606
   86    20 0.0009325058 0.0009325058    23121    69363   115606
   86    21 0.0009325058 0.0009325058    23121    69363   115606
   86    82 0.0018226250 0.0018226250    23121    69363   115606
   86    51 0.0018226250 0.0018226250    23121    69363   115606
   86    14 0.0018226250 0.0018226250    23121    69363   115606
   86    15 0.0018226250 0.0018226250    23121    69363   115606
   85    82 0.0018226250 0.0018226250    23121    69363   115606
   85    51 0.0018226250 0.0018226250    23121    69363   115606
   85    14 0.0018226250 0.0018226250    23121    69363   115606
   85    15 0.0018226250 0.0018226250    23121    69363   115606
   85    10 0.0009325058 0.0009325058    23121    69363   115606
   85    44 0.0009325058 0.0009325058    23121    69363   115606
   85    19 0.0009325058 0.0009325058    23121    69363   115606
   85    27 0.0009325058 0.0009325058    23121    69363   115606
   25    10 0.0027127441 0.0027127441    23121    69363   115606
   25    44 0.0027127441 0.0027127441    23121    69363   115606
   25    19 0.0027127441 0.0027127441    23121    69363   115606
   25    27 0.0027127441 0.0027127441    23121    69363   115606
   17    16 0.0108509764 0.0108509764    23121    69363   115606
   92    86 0.0108509764 0.0108509764    23121    69363   115606
   49    85 0.0108509764 0.0108509764    23121    69363   115606
   61    25 0.0108509764 0.0108509764    23121    69363   115606
   52    16 0.0108509764 0.0108509764    23121    69363   115606
   50    86 0.0108509764 0.0108509764    23121    69363   115606
   91    85 0.0108509764 0.0108509764    23121    69363   115606
   26    25 0.0108509764 0.0108509764    23121    69363   115606
   82    46 0.0108509764 0.0108509764    69363   115605   115606
   51    45 0.0108509764 0.0108509764    69363   115605   115606
   14    20 0.0108509764 0.0108509764    69363   115605   115606
   15    21 0.0108509764 0.0108509764    69363   115605   115606
   10    46 0.0108509764 0.0108509764    69363   115605   115606
   44    45 0.0108509764 0.0108509764    69363   115605   115606
   19    20 0.0108509764 0.0108509764    69363   115605   115606
   27    21 0.0108509764 0.0108509764    69363   115605   115606
