   57    58 0.0023737024 0.0023737024        0    23121   115606
   57    93 0.0023737024 0.0023737024        0    23121   115606
   57    56 0.0023737024 0.0023737024        0    23121   115606
   57    16 0.0023737024 0.0023737024        0    23121   115606
   57    86 0.0023737024 0.0023737024        0    23121   115606
   57    85 0.0023737024 0.0023737024        0    23121   115606
   57    25 0.0023737024 0.0023737024        0    23121   115606
   58    16 0.0008159602 0.0008159602        0    23121   115606
   58    86 0.0008159602 0.0008159602        0    23121   115606
   58    85 0.0008159602 0.0008159602        0    23121   115606
   58    25 0.0008159602 0.0008159602        0    23121   115606
   58    17 0.0015948313 0.0015948313        0    23121   115606
   58    92 0.0015948313 0.0015948313        0    23121   115606
   58    49 0.0015948313 0.0015948313        0    23121   115606
   58    61 0.0015948313 0.0015948313        0    23121   115606
   93    17 0.0015948313 0.0015948313        0    23121   115606
   93    92 0.0015948313 0.0015948313        0    23121   115606
   93    49 0.0015948313 0.0015948313        0    23121   115606
   93    61 0.0015948313 0.0015948313        0    23121   115606
   93    52 0.0008159602 0.0008159602        0    23121   115606
   93    50 0.0008159602 0.0008159602        0    23121   115606
   93    91 0.0008159602 0.0008159602        0    23121   115606
   93    26 0.0008159602 0.0008159602        0    23121   115606
   56    52 0.0023737024 0.0023737024        0    23121   115606
   56    50 0.0023737024 0.0023737024        0    23121   115606
   56    91 0.0023737024 0.0023737024        0    23121   115606
   56    26 0.0023737024 0.0023737024        0    23121   115606
   22    57 0.0094948097 0.0094948097        0    23121   115606
   22    59 0.0023737024 0.0023737024        0    23121   115606
   22    64 0.0023737024 0.0023737024        0    23121   115606
   22    55 0.0023737024 0.0023737024        0    23121   115606
   59    58 0.0094948097 0.0094948097        0    23121   115606
   64    93 0.0094948097 0.0094948097        0    23121   115606
   55    56 0.0094948097 0.0094948097        0    23121   115606
   16    46 0.0011868255 0.0011868255    23121    69363   115606
   16    45 0.0011868255 0.0011868255    23121    69363   115606
   16    20 0.0011868255 0.0011868255    23121    69363   115606
   16    21 0.0011868255 0.0011868255    23121    69363   115606
   86    46 0.0004079713 0.0004079713    23121    69363   115606
   86    45 0.0004079713 0.0004079713    23121    69363   115606
   86    20 0.0004079713 0.0004079713    23121    69363   115606
   86    21 0.0004079713 0.0004079713    23121    69363   115606
   86    82 0.0007973984 0.0007973984    23121    69363   115606
   86    51 0.0007973984 0.0007973984    23121    69363   115606
   86    14 0.0007973984 0.0007973984    23121    69363   115606
   86    15 0.0007973984 0.0007973984    23121    69363   115606
   85    82 0.0007973984 0.0007973984    23121    69363   115606
   85    51 0.0007973984 0.0007973984    23121    69363   115606
   85    14 0.0007973984 0.0007973984    23121    69363   115606
   85    15 0.0007973984 0.0007973984    23121    69363   115606
   85    10 0.0004079713 0.0004079713    23121    69363   115606
   85    44 0.0004079713 0.0004079713    23121    69363   115606
   85    19 0.0004079713 0.0004079713    23121    69363   115606
   85    27 0.0004079713 0.0004079713    23121    69363   115606
   25    10 0.0011868255 0.0011868255    23121    69363   115606
   25    44 0.0011868255 0.0011868255    23121    69363   115606
   25    19 0.0011868255 0.0011868255    23121    69363   115606
   25    27 0.0011868255 0.0011868255    23121    69363   115606
   17    16 0.0047473022 0.0047473022    23121    69363   115606
   92    86 0.0047473022 0.0047473022    23121    69363   115606
   49    85 0.0047473022 0.0047473022    23121    69363   115606
   61    25 0.0047473022 0.0047473022    23121    69363   115606
   52    16 0.0047473022 0.0047473022    23121    69363   115606
   50    86 0.0047473022 0.0047473022    23121    69363   115606
   91    85 0.0047473022 0.0047473022    23121    69363   115606
   26    25 0.0047473022 0.0047473022    23121    69363   115606
   82    46 0.0047473022 0.0047473022    69363   115605   115606
   51    45 0.0047473022 0.0047473022    69363   115605   115606
   14    20 0.0047473022 0.0047473022    69363   115605   115606
   15    21 0.0047473022 0.0047473022    69363   115605   115606
   10    46 0.0047473022 0.0047473022    69363   115605   115606
   44    45 0.0047473022 0.0047473022    69363   115605   115606
   19    20 0.0047473022 0.0047473022    69363   115605   115606
   27    21 0.0047473022 0.0047473022    69363   115605   115606
