   26     8 0.0067820069 0.0067820069        0    23121   115606
   26    64 0.0067820069 0.0067820069        0    23121   115606
   26    62 0.0067820069 0.0067820069        0    23121   115606
   26    52 0.0067820069 0.0067820069        0    23121   115606
   26    80 0.0067820069 0.0067820069        0    23121   115606
   26    27 0.0067820069 0.0067820069        0    23121   115606
   26    56 0.0067820069 0.0067820069        0    23121   115606
    8    52 0.0023313149 0.0023313149        0    23121   115606
    8    80 0.0023313149 0.0023313149        0    23121   115606
    8    27 0.0023313149 0.0023313149        0    23121   115606
    8    56 0.0023313149 0.0023313149        0    23121   115606
    8    16 0.0045566609 0.0045566609        0    23121   115606
    8    44 0.0045566609 0.0045566609        0    23121   115606
    8    28 0.0045566609 0.0045566609        0    23121   115606
    8    50 0.0045566609 0.0045566609        0    23121   115606
   64    16 0.0045566609 0.0045566609        0    23121   115606
   64    44 0.0045566609 0.0045566609        0    23121   115606
   64    28 0.0045566609 0.0045566609        0    23121   115606
   64    50 0.0045566609 0.0045566609        0    23121   115606
   64    58 0.0023313149 0.0023313149        0    23121   115606
   64    86 0.0023313149 0.0023313149        0    23121   115606
   64    63 0.0023313149 0.0023313149        0    23121   115606
   64    57 0.0023313149 0.0023313149        0    23121   115606
   62    58 0.0067820069 0.0067820069        0    23121   115606
   62    86 0.0067820069 0.0067820069        0    23121   115606
   62    63 0.0067820069 0.0067820069        0    23121   115606
   62    57 0.0067820069 0.0067820069        0    23121   115606
   25    26 0.0271280277 0.0271280277        0    23121   115606
   25     7 0.0067820069 0.0067820069        0    23121   115606
   25   100 0.0067820069 0.0067820069        0    23121   115606
   25    61 0.0067820069 0.0067820069        0    23121   115606
    7     8 0.0271280277 0.0271280277        0    23121   115606
  100    64 0.0271280277 0.0271280277        0    23121   115606
   61    62 0.0271280277 0.0271280277        0    23121   115606
   52    90 0.0033909301 0.0033909301    23121    69363   115606
   52    85 0.0033909301 0.0033909301    23121    69363   115606
   52    53 0.0033909301 0.0033909301    23121    69363   115606
   52     9 0.0033909301 0.0033909301    23121    69363   115606
   80    90 0.0011656322 0.0011656322    23121    69363   115606
   80    85 0.0011656322 0.0011656322    23121    69363   115606
   80    53 0.0011656322 0.0011656322    23121    69363   115606
   80     9 0.0011656322 0.0011656322    23121    69363   115606
   80    96 0.0022782812 0.0022782812    23121    69363   115606
   80    79 0.0022782812 0.0022782812    23121    69363   115606
   80    47 0.0022782812 0.0022782812    23121    69363   115606
   80    45 0.0022782812 0.0022782812    23121    69363   115606
   27    96 0.0022782812 0.0022782812    23121    69363   115606
   27    79 0.0022782812 0.0022782812    23121    69363   115606
   27    47 0.0022782812 0.0022782812    23121    69363   115606
   27    45 0.0022782812 0.0022782812    23121    69363   115606
   27    91 0.0011656322 0.0011656322    23121    69363   115606
   27    49 0.0011656322 0.0011656322    23121    69363   115606
   27    59 0.0011656322 0.0011656322    23121    69363   115606
   27    15 0.0011656322 0.0011656322    23121    69363   115606
   56    91 0.0033909301 0.0033909301    23121    69363   115606
   56    49 0.0033909301 0.0033909301    23121    69363   115606
   56    59 0.0033909301 0.0033909301    23121    69363   115606
   56    15 0.0033909301 0.0033909301    23121    69363   115606
   16    52 0.0135637205 0.0135637205    23121    69363   115606
   44    80 0.0135637205 0.0135637205    23121    69363   115606
   28    27 0.0135637205 0.0135637205    23121    69363   115606
   50    56 0.0135637205 0.0135637205    23121    69363   115606
   58    52 0.0135637205 0.0135637205    23121    69363   115606
   86    80 0.0135637205 0.0135637205    23121    69363   115606
   63    27 0.0135637205 0.0135637205    23121    69363   115606
   57    56 0.0135637205 0.0135637205    23121    69363   115606
   96    90 0.0135637205 0.0135637205    69363   115605   115606
   79    85 0.0135637205 0.0135637205    69363   115605   115606
   47    53 0.0135637205 0.0135637205    69363   115605   115606
   45     9 0.0135637205 0.0135637205    69363   115605   115606
   91    90 0.0135637205 0.0135637205    69363   115605   115606
   49    85 0.0135637205 0.0135637205    69363   115605   115606
   59    53 0.0135637205 0.0135637205    69363   115605   115606
   15     9 0.0135637205 0.0135637205    69363   115605   115606
