   57    53 0.0013564014 0.0013564014        0    23121   115606
   57    62 0.0013564014 0.0013564014        0    23121   115606
   57    56 0.0013564014 0.0013564014        0    23121   115606
   57    16 0.0013564014 0.0013564014        0    23121   115606
   57    86 0.0013564014 0.0013564014        0    23121   115606
   57    85 0.0013564014 0.0013564014        0    23121   115606
   57    25 0.0013564014 0.0013564014        0    23121   115606
   53    16 0.0004662630 0.0004662630        0    23121   115606
   53    86 0.0004662630 0.0004662630        0    23121   115606
   53    85 0.0004662630 0.0004662630        0    23121   115606
   53    25 0.0004662630 0.0004662630        0    23121   115606
   53    17 0.0009113322 0.0009113322        0    23121   115606
   53    50 0.0009113322 0.0009113322        0    23121   115606
   53    84 0.0009113322 0.0009113322        0    23121   115606
   53    61 0.0009113322 0.0009113322        0    23121   115606
   62    17 0.0009113322 0.0009113322        0    23121   115606
   62    50 0.0009113322 0.0009113322        0    23121   115606
   62    84 0.0009113322 0.0009113322        0    23121   115606
   62    61 0.0009113322 0.0009113322        0    23121   115606
   62    52 0.0004662630 0.0004662630        0    23121   115606
   62    92 0.0004662630 0.0004662630        0    23121   115606
   62    49 0.0004662630 0.0004662630        0    23121   115606
   62    26 0.0004662630 0.0004662630        0    23121   115606
   56    52 0.0013564014 0.0013564014        0    23121   115606
   56    92 0.0013564014 0.0013564014        0    23121   115606
   56    49 0.0013564014 0.0013564014        0    23121   115606
   56    26 0.0013564014 0.0013564014        0    23121   115606
   58    57 0.0054256055 0.0054256055        0    23121   115606
   58    59 0.0013564014 0.0013564014        0    23121   115606
   58    63 0.0013564014 0.0013564014        0    23121   115606
   58    55 0.0013564014 0.0013564014        0    23121   115606
   59    53 0.0054256055 0.0054256055        0    23121   115606
   63    62 0.0054256055 0.0054256055        0    23121   115606
   55    56 0.0054256055 0.0054256055        0    23121   115606
   16    46 0.0006781860 0.0006781860    23121    69363   115606
   16    45 0.0006781860 0.0006781860    23121    69363   115606
   16    20 0.0006781860 0.0006781860    23121    69363   115606
   16    21 0.0006781860 0.0006781860    23121    69363   115606
   86    46 0.0002331264 0.0002331264    23121    69363   115606
   86    45 0.0002331264 0.0002331264    23121    69363   115606
   86    20 0.0002331264 0.0002331264    23121    69363   115606
   86    21 0.0002331264 0.0002331264    23121    69363   115606
   86    82 0.0004556562 0.0004556562    23121    69363   115606
   86    51 0.0004556562 0.0004556562    23121    69363   115606
   86    14 0.0004556562 0.0004556562    23121    69363   115606
   86    15 0.0004556562 0.0004556562    23121    69363   115606
   85    82 0.0004556562 0.0004556562    23121    69363   115606
   85    51 0.0004556562 0.0004556562    23121    69363   115606
   85    14 0.0004556562 0.0004556562    23121    69363   115606
   85    15 0.0004556562 0.0004556562    23121    69363   115606
   85    10 0.0002331264 0.0002331264    23121    69363   115606
   85    44 0.0002331264 0.0002331264    23121    69363   115606
   85    19 0.0002331264 0.0002331264    23121    69363   115606
   85    27 0.0002331264 0.0002331264    23121    69363   115606
   25    10 0.0006781860 0.0006781860    23121    69363   115606
   25    44 0.0006781860 0.0006781860    23121    69363   115606
   25    19 0.0006781860 0.0006781860    23121    69363   115606
   25    27 0.0006781860 0.0006781860    23121    69363   115606
   17    16 0.0027127441 0.0027127441    23121    69363   115606
   50    86 0.0027127441 0.0027127441    23121    69363   115606
   84    85 0.0027127441 0.0027127441    23121    69363   115606
   61    25 0.0027127441 0.0027127441    23121    69363   115606
   52    16 0.0027127441 0.0027127441    23121    69363   115606
   92    86 0.0027127441 0.0027127441    23121    69363   115606
   49    85 0.0027127441 0.0027127441    23121    69363   115606
   26    25 0.0027127441 0.0027127441    23121    69363   115606
   82    46 0.0027127441 0.0027127441    69363   115605   115606
   51    45 0.0027127441 0.0027127441    69363   115605   115606
   14    20 0.0027127441 0.0027127441    69363   115605   115606
   15    21 0.0027127441 0.0027127441    69363   115605   115606
   10    46 0.0027127441 0.0027127441    69363   115605   115606
   44    45 0.0027127441 0.0027127441    69363   115605   115606
   19    20 0.0027127441 0.0027127441    69363   115605   115606
   27    21 0.0027127441 0.0027127441    69363   115605   115606
