   52    87 0.0023737024 0.0023737024        0    23121   115606
   52    82 0.0023737024 0.0023737024        0    23121   115606
   52    57 0.0023737024 0.0023737024        0    23121   115606
   52    99 0.0023737024 0.0023737024        0    23121   115606
   52    56 0.0023737024 0.0023737024        0    23121   115606
   52    94 0.0023737024 0.0023737024        0    23121   115606
   52    14 0.0023737024 0.0023737024        0    23121   115606
   87    99 0.0008159602 0.0008159602        0    23121   115606
   87    56 0.0008159602 0.0008159602        0    23121   115606
   87    94 0.0008159602 0.0008159602        0    23121   115606
   87    14 0.0008159602 0.0008159602        0    23121   115606
   87   100 0.0015948313 0.0015948313        0    23121   115606
   87    92 0.0015948313 0.0015948313        0    23121   115606
   87    88 0.0015948313 0.0015948313        0    23121   115606
   87     8 0.0015948313 0.0015948313        0    23121   115606
   82   100 0.0015948313 0.0015948313        0    23121   115606
   82    92 0.0015948313 0.0015948313        0    23121   115606
   82    88 0.0015948313 0.0015948313        0    23121   115606
   82     8 0.0015948313 0.0015948313        0    23121   115606
   82    93 0.0008159602 0.0008159602        0    23121   115606
   82    50 0.0008159602 0.0008159602        0    23121   115606
   82    95 0.0008159602 0.0008159602        0    23121   115606
   82    15 0.0008159602 0.0008159602        0    23121   115606
   57    93 0.0023737024 0.0023737024        0    23121   115606
   57    50 0.0023737024 0.0023737024        0    23121   115606
   57    95 0.0023737024 0.0023737024        0    23121   115606
   57    15 0.0023737024 0.0023737024        0    23121   115606
   46    52 0.0094948097 0.0094948097        0    23121   115606
   46    86 0.0023737024 0.0023737024        0    23121   115606
   46    76 0.0023737024 0.0023737024        0    23121   115606
   46    51 0.0023737024 0.0023737024        0    23121   115606
   86    87 0.0094948097 0.0094948097        0    23121   115606
   76    82 0.0094948097 0.0094948097        0    23121   115606
   51    57 0.0094948097 0.0094948097        0    23121   115606
   99    54 0.0011868255 0.0011868255    23121    69363   115606
   99    97 0.0011868255 0.0011868255    23121    69363   115606
   99     4 0.0011868255 0.0011868255    23121    69363   115606
   99    26 0.0011868255 0.0011868255    23121    69363   115606
   56    54 0.0004079713 0.0004079713    23121    69363   115606
   56    97 0.0004079713 0.0004079713    23121    69363   115606
   56     4 0.0004079713 0.0004079713    23121    69363   115606
   56    26 0.0004079713 0.0004079713    23121    69363   115606
   56    55 0.0007973984 0.0007973984    23121    69363   115606
   56    91 0.0007973984 0.0007973984    23121    69363   115606
   56    40 0.0007973984 0.0007973984    23121    69363   115606
   56    27 0.0007973984 0.0007973984    23121    69363   115606
   94    55 0.0007973984 0.0007973984    23121    69363   115606
   94    91 0.0007973984 0.0007973984    23121    69363   115606
   94    40 0.0007973984 0.0007973984    23121    69363   115606
   94    27 0.0007973984 0.0007973984    23121    69363   115606
   94    18 0.0004079713 0.0004079713    23121    69363   115606
   94    98 0.0004079713 0.0004079713    23121    69363   115606
   94    10 0.0004079713 0.0004079713    23121    69363   115606
   94    20 0.0004079713 0.0004079713    23121    69363   115606
   14    18 0.0011868255 0.0011868255    23121    69363   115606
   14    98 0.0011868255 0.0011868255    23121    69363   115606
   14    10 0.0011868255 0.0011868255    23121    69363   115606
   14    20 0.0011868255 0.0011868255    23121    69363   115606
  100    99 0.0047473022 0.0047473022    23121    69363   115606
   92    56 0.0047473022 0.0047473022    23121    69363   115606
   88    94 0.0047473022 0.0047473022    23121    69363   115606
    8    14 0.0047473022 0.0047473022    23121    69363   115606
   93    99 0.0047473022 0.0047473022    23121    69363   115606
   50    56 0.0047473022 0.0047473022    23121    69363   115606
   95    94 0.0047473022 0.0047473022    23121    69363   115606
   15    14 0.0047473022 0.0047473022    23121    69363   115606
   55    54 0.0047473022 0.0047473022    69363   115605   115606
   91    97 0.0047473022 0.0047473022    69363   115605   115606
   40     4 0.0047473022 0.0047473022    69363   115605   115606
   27    26 0.0047473022 0.0047473022    69363   115605   115606
   18    54 0.0047473022 0.0047473022    69363   115605   115606
   98    97 0.0047473022 0.0047473022    69363   115605   115606
   10     4 0.0047473022 0.0047473022    69363   115605   115606
   20    26 0.0047473022 0.0047473022    69363   115605   115606
