   92    68 0.0067820069 0.0067820069        0    23121   115606
   92    52 0.0067820069 0.0067820069        0    23121   115606
   92    93 0.0067820069 0.0067820069        0    23121   115606
   92    58 0.0067820069 0.0067820069        0    23121   115606
   92    87 0.0067820069 0.0067820069        0    23121   115606
   92    82 0.0067820069 0.0067820069        0    23121   115606
   92    98 0.0067820069 0.0067820069        0    23121   115606
   68    58 0.0023313149 0.0023313149        0    23121   115606
   68    87 0.0023313149 0.0023313149        0    23121   115606
   68    82 0.0023313149 0.0023313149        0    23121   115606
   68    98 0.0023313149 0.0023313149        0    23121   115606
   68    57 0.0045566609 0.0045566609        0    23121   115606
   68    51 0.0045566609 0.0045566609        0    23121   115606
   68    88 0.0045566609 0.0045566609        0    23121   115606
   68    62 0.0045566609 0.0045566609        0    23121   115606
   52    57 0.0045566609 0.0045566609        0    23121   115606
   52    51 0.0045566609 0.0045566609        0    23121   115606
   52    88 0.0045566609 0.0045566609        0    23121   115606
   52    62 0.0045566609 0.0045566609        0    23121   115606
   52    94 0.0023313149 0.0023313149        0    23121   115606
   52    86 0.0023313149 0.0023313149        0    23121   115606
   52    81 0.0023313149 0.0023313149        0    23121   115606
   52    97 0.0023313149 0.0023313149        0    23121   115606
   93    94 0.0067820069 0.0067820069        0    23121   115606
   93    86 0.0067820069 0.0067820069        0    23121   115606
   93    81 0.0067820069 0.0067820069        0    23121   115606
   93    97 0.0067820069 0.0067820069        0    23121   115606
   56    92 0.0271280277 0.0271280277        0    23121   115606
   56    67 0.0067820069 0.0067820069        0    23121   115606
   56    16 0.0067820069 0.0067820069        0    23121   115606
   56    99 0.0067820069 0.0067820069        0    23121   115606
   67    68 0.0271280277 0.0271280277        0    23121   115606
   16    52 0.0271280277 0.0271280277        0    23121   115606
   99    93 0.0271280277 0.0271280277        0    23121   115606
   58    64 0.0033909301 0.0033909301    23121    69363   115606
   58    85 0.0033909301 0.0033909301    23121    69363   115606
   58    22 0.0033909301 0.0033909301    23121    69363   115606
   58    75 0.0033909301 0.0033909301    23121    69363   115606
   87    64 0.0011656322 0.0011656322    23121    69363   115606
   87    85 0.0011656322 0.0011656322    23121    69363   115606
   87    22 0.0011656322 0.0011656322    23121    69363   115606
   87    75 0.0011656322 0.0011656322    23121    69363   115606
   87   100 0.0022782812 0.0022782812    23121    69363   115606
   87    79 0.0022782812 0.0022782812    23121    69363   115606
   87    23 0.0022782812 0.0022782812    23121    69363   115606
   87    76 0.0022782812 0.0022782812    23121    69363   115606
   82   100 0.0022782812 0.0022782812    23121    69363   115606
   82    79 0.0022782812 0.0022782812    23121    69363   115606
   82    23 0.0022782812 0.0022782812    23121    69363   115606
   82    76 0.0022782812 0.0022782812    23121    69363   115606
   82    63 0.0011656322 0.0011656322    23121    69363   115606
   82    91 0.0011656322 0.0011656322    23121    69363   115606
   82    28 0.0011656322 0.0011656322    23121    69363   115606
   82    74 0.0011656322 0.0011656322    23121    69363   115606
   98    63 0.0033909301 0.0033909301    23121    69363   115606
   98    91 0.0033909301 0.0033909301    23121    69363   115606
   98    28 0.0033909301 0.0033909301    23121    69363   115606
   98    74 0.0033909301 0.0033909301    23121    69363   115606
   57    58 0.0135637205 0.0135637205    23121    69363   115606
   51    87 0.0135637205 0.0135637205    23121    69363   115606
   88    82 0.0135637205 0.0135637205    23121    69363   115606
   62    98 0.0135637205 0.0135637205    23121    69363   115606
   94    58 0.0135637205 0.0135637205    23121    69363   115606
   86    87 0.0135637205 0.0135637205    23121    69363   115606
   81    82 0.0135637205 0.0135637205    23121    69363   115606
   97    98 0.0135637205 0.0135637205    23121    69363   115606
  100    64 0.0135637205 0.0135637205    69363   115605   115606
   79    85 0.0135637205 0.0135637205    69363   115605   115606
   23    22 0.0135637205 0.0135637205    69363   115605   115606
   76    75 0.0135637205 0.0135637205    69363   115605   115606
   63    64 0.0135637205 0.0135637205    69363   115605   115606
   91    85 0.0135637205 0.0135637205    69363   115605   115606
   28    22 0.0135637205 0.0135637205    69363   115605   115606
   74    75 0.0135637205 0.0135637205    69363   115605   115606
