   26     8 0.0023737024 0.0023737024        0    23121   115606
   26    64 0.0023737024 0.0023737024        0    23121   115606
   26    62 0.0023737024 0.0023737024        0    23121   115606
   26    52 0.0023737024 0.0023737024        0    23121   115606
   26    80 0.0023737024 0.0023737024        0    23121   115606
   26    27 0.0023737024 0.0023737024        0    23121   115606
   26    56 0.0023737024 0.0023737024        0    23121   115606
    8    52 0.0008159602 0.0008159602        0    23121   115606
    8    80 0.0008159602 0.0008159602        0    23121   115606
    8    27 0.0008159602 0.0008159602        0    23121   115606
    8    56 0.0008159602 0.0008159602        0    23121   115606
    8    16 0.0015948313 0.0015948313        0    23121   115606
    8    44 0.0015948313 0.0015948313        0    23121   115606
    8    28 0.0015948313 0.0015948313        0    23121   115606
    8    50 0.0015948313 0.0015948313        0    23121   115606
   64    16 0.0015948313 0.0015948313        0    23121   115606
   64    44 0.0015948313 0.0015948313        0    23121   115606
   64    28 0.0015948313 0.0015948313        0    23121   115606
   64    50 0.0015948313 0.0015948313        0    23121   115606
   64    58 0.0008159602 0.0008159602        0    23121   115606
   64    86 0.0008159602 0.0008159602        0    23121   115606
   64    63 0.0008159602 0.0008159602        0    23121   115606
   64    57 0.0008159602 0.0008159602        0    23121   115606
   62    58 0.0023737024 0.0023737024        0    23121   115606
   62    86 0.0023737024 0.0023737024        0    23121   115606
   62    63 0.0023737024 0.0023737024        0    23121   115606
   62    57 0.0023737024 0.0023737024        0    23121   115606
   25    26 0.0094948097 0.0094948097        0    23121   115606
   25     7 0.0023737024 0.0023737024        0    23121   115606
   25   100 0.0023737024 0.0023737024        0    23121   115606
   25    61 0.0023737024 0.0023737024        0    23121   115606
    7     8 0.0094948097 0.0094948097        0    23121   115606
  100    64 0.0094948097 0.0094948097        0    23121   115606
   61    62 0.0094948097 0.0094948097        0    23121   115606
   52    90 0.0011868255 0.0011868255    23121    69363   115606
   52    85 0.0011868255 0.0011868255    23121    69363   115606
   52    53 0.0011868255 0.0011868255    23121    69363   115606
   52     9 0.0011868255 0.0011868255    23121    69363   115606
   80    90 0.0004079713 0.0004079713    23121    69363   115606
   80    85 0.0004079713 0.0004079713    23121    69363   115606
   80    53 0.0004079713 0.0004079713    23121    69363   115606
   80     9 0.0004079713 0.0004079713    23121    69363   115606
   80    96 0.0007973984 0.0007973984    23121    69363   115606
   80    79 0.0007973984 0.0007973984    23121    69363   115606
   80    47 0.0007973984 0.0007973984    23121    69363   115606
   80    45 0.0007973984 0.0007973984    23121    69363   115606
   27    96 0.0007973984 0.0007973984    23121    69363   115606
   27    79 0.0007973984 0.0007973984    23121    69363   115606
   27    47 0.0007973984 0.0007973984    23121    69363   115606
   27    45 0.0007973984 0.0007973984    23121    69363   115606
   27    91 0.0004079713 0.0004079713    23121    69363   115606
   27    49 0.0004079713 0.0004079713    23121    69363   115606
   27    59 0.0004079713 0.0004079713    23121    69363   115606
   27    15 0.0004079713 0.0004079713    23121    69363   115606
   56    91 0.0011868255 0.0011868255    23121    69363   115606
   56    49 0.0011868255 0.0011868255    23121    69363   115606
   56    59 0.0011868255 0.0011868255    23121    69363   115606
   56    15 0.0011868255 0.0011868255    23121    69363   115606
   16    52 0.0047473022 0.0047473022    23121    69363   115606
   44    80 0.0047473022 0.0047473022    23121    69363   115606
   28    27 0.0047473022 0.0047473022    23121    69363   115606
   50    56 0.0047473022 0.0047473022    23121    69363   115606
   58    52 0.0047473022 0.0047473022    23121    69363   115606
   86    80 0.0047473022 0.0047473022    23121    69363   115606
   63    27 0.0047473022 0.0047473022    23121    69363   115606
   57    56 0.0047473022 0.0047473022    23121    69363   115606
   96    90 0.0047473022 0.0047473022    69363   115605   115606
   79    85 0.0047473022 0.0047473022    69363   115605   115606
   47    53 0.0047473022 0.0047473022    69363   115605   115606
   45     9 0.0047473022 0.0047473022    69363   115605   115606
   91    90 0.0047473022 0.0047473022    69363   115605   115606
   49    85 0.0047473022 0.0047473022    69363   115605   115606
   59    53 0.0047473022 0.0047473022    69363   115605   115606
   15     9 0.0047473022 0.0047473022    69363   115605   115606
