   14    27 0.0023737024 0.0023737024        0    23121   115606
   14    15 0.0023737024 0.0023737024        0    23121   115606
   14    13 0.0023737024 0.0023737024        0    23121   115606
   14    19 0.0023737024 0.0023737024        0    23121   115606
   14    45 0.0023737024 0.0023737024        0    23121   115606
   14    56 0.0023737024 0.0023737024        0    23121   115606
   14    74 0.0023737024 0.0023737024        0    23121   115606
   27    19 0.0008159602 0.0008159602        0    23121   115606
   27    45 0.0008159602 0.0008159602        0    23121   115606
   27    56 0.0008159602 0.0008159602        0    23121   115606
   27    74 0.0008159602 0.0008159602        0    23121   115606
   27    21 0.0015948313 0.0015948313        0    23121   115606
   27     9 0.0015948313 0.0015948313        0    23121   115606
   27    20 0.0015948313 0.0015948313        0    23121   115606
   27    75 0.0015948313 0.0015948313        0    23121   115606
   15    21 0.0015948313 0.0015948313        0    23121   115606
   15     9 0.0015948313 0.0015948313        0    23121   115606
   15    20 0.0015948313 0.0015948313        0    23121   115606
   15    75 0.0015948313 0.0015948313        0    23121   115606
   15    18 0.0008159602 0.0008159602        0    23121   115606
   15    51 0.0008159602 0.0008159602        0    23121   115606
   15    55 0.0008159602 0.0008159602        0    23121   115606
   15    73 0.0008159602 0.0008159602        0    23121   115606
   13    18 0.0023737024 0.0023737024        0    23121   115606
   13    51 0.0023737024 0.0023737024        0    23121   115606
   13    55 0.0023737024 0.0023737024        0    23121   115606
   13    73 0.0023737024 0.0023737024        0    23121   115606
    8    14 0.0094948097 0.0094948097        0    23121   115606
    8    26 0.0023737024 0.0023737024        0    23121   115606
    8    16 0.0023737024 0.0023737024        0    23121   115606
    8     7 0.0023737024 0.0023737024        0    23121   115606
   26    27 0.0094948097 0.0094948097        0    23121   115606
   16    15 0.0094948097 0.0094948097        0    23121   115606
    7    13 0.0094948097 0.0094948097        0    23121   115606
   19    62 0.0011868255 0.0011868255    23121    69363   115606
   19    49 0.0011868255 0.0011868255    23121    69363   115606
   19    86 0.0011868255 0.0011868255    23121    69363   115606
   19    44 0.0011868255 0.0011868255    23121    69363   115606
   45    62 0.0004079713 0.0004079713    23121    69363   115606
   45    49 0.0004079713 0.0004079713    23121    69363   115606
   45    86 0.0004079713 0.0004079713    23121    69363   115606
   45    44 0.0004079713 0.0004079713    23121    69363   115606
   45    68 0.0007973984 0.0007973984    23121    69363   115606
   45    43 0.0007973984 0.0007973984    23121    69363   115606
   45    50 0.0007973984 0.0007973984    23121    69363   115606
   45    80 0.0007973984 0.0007973984    23121    69363   115606
   56    68 0.0007973984 0.0007973984    23121    69363   115606
   56    43 0.0007973984 0.0007973984    23121    69363   115606
   56    50 0.0007973984 0.0007973984    23121    69363   115606
   56    80 0.0007973984 0.0007973984    23121    69363   115606
   56    98 0.0004079713 0.0004079713    23121    69363   115606
   56    85 0.0004079713 0.0004079713    23121    69363   115606
   56    92 0.0004079713 0.0004079713    23121    69363   115606
   56    38 0.0004079713 0.0004079713    23121    69363   115606
   74    98 0.0011868255 0.0011868255    23121    69363   115606
   74    85 0.0011868255 0.0011868255    23121    69363   115606
   74    92 0.0011868255 0.0011868255    23121    69363   115606
   74    38 0.0011868255 0.0011868255    23121    69363   115606
   21    19 0.0047473022 0.0047473022    23121    69363   115606
    9    45 0.0047473022 0.0047473022    23121    69363   115606
   20    56 0.0047473022 0.0047473022    23121    69363   115606
   75    74 0.0047473022 0.0047473022    23121    69363   115606
   18    19 0.0047473022 0.0047473022    23121    69363   115606
   51    45 0.0047473022 0.0047473022    23121    69363   115606
   55    56 0.0047473022 0.0047473022    23121    69363   115606
   73    74 0.0047473022 0.0047473022    23121    69363   115606
   68    62 0.0047473022 0.0047473022    69363   115605   115606
   43    49 0.0047473022 0.0047473022    69363   115605   115606
   50    86 0.0047473022 0.0047473022    69363   115605   115606
   80    44 0.0047473022 0.0047473022    69363   115605   115606
   98    62 0.0047473022 0.0047473022    69363   115605   115606
   85    49 0.0047473022 0.0047473022    69363   115605   115606
   92    86 0.0047473022 0.0047473022    69363   115605   115606
   38    44 0.0047473022 0.0047473022    69363   115605   115606
