   91    92 0.0044083045 0.0044083045        0    23121   115606
   91    84 0.0044083045 0.0044083045        0    23121   115606
   91    63 0.0044083045 0.0044083045        0    23121   115606
   91    49 0.0044083045 0.0044083045        0    23121   115606
   91    44 0.0044083045 0.0044083045        0    23121   115606
   91    57 0.0044083045 0.0044083045        0    23121   115606
   91    54 0.0044083045 0.0044083045        0    23121   115606
   92    49 0.0015153547 0.0015153547        0    23121   115606
   92    44 0.0015153547 0.0015153547        0    23121   115606
   92    57 0.0015153547 0.0015153547        0    23121   115606
   92    54 0.0015153547 0.0015153547        0    23121   115606
   92    85 0.0029618296 0.0029618296        0    23121   115606
   92    86 0.0029618296 0.0029618296        0    23121   115606
   92    93 0.0029618296 0.0029618296        0    23121   115606
   92    90 0.0029618296 0.0029618296        0    23121   115606
   84    85 0.0029618296 0.0029618296        0    23121   115606
   84    86 0.0029618296 0.0029618296        0    23121   115606
   84    93 0.0029618296 0.0029618296        0    23121   115606
   84    90 0.0029618296 0.0029618296        0    23121   115606
   84    55 0.0015153547 0.0015153547        0    23121   115606
   84    45 0.0015153547 0.0015153547        0    23121   115606
   84    51 0.0015153547 0.0015153547        0    23121   115606
   84    48 0.0015153547 0.0015153547        0    23121   115606
   63    55 0.0044083045 0.0044083045        0    23121   115606
   63    45 0.0044083045 0.0044083045        0    23121   115606
   63    51 0.0044083045 0.0044083045        0    23121   115606
   63    48 0.0044083045 0.0044083045        0    23121   115606
   96    91 0.0176332180 0.0176332180        0    23121   115606
   96    98 0.0044083045 0.0044083045        0    23121   115606
   96    78 0.0044083045 0.0044083045        0    23121   115606
   96    99 0.0044083045 0.0044083045        0    23121   115606
   98    92 0.0176332180 0.0176332180        0    23121   115606
   78    84 0.0176332180 0.0176332180        0    23121   115606
   99    63 0.0176332180 0.0176332180        0    23121   115606
   49    43 0.0022041046 0.0022041046    23121    69363   115606
   49    61 0.0022041046 0.0022041046    23121    69363   115606
   49   103 0.0022041046 0.0022041046    23121    69363   115606
   49    14 0.0022041046 0.0022041046    23121    69363   115606
   44    43 0.0007576609 0.0007576609    23121    69363   115606
   44    61 0.0007576609 0.0007576609    23121    69363   115606
   44   103 0.0007576609 0.0007576609    23121    69363   115606
   44    14 0.0007576609 0.0007576609    23121    69363   115606
   44    37 0.0014808828 0.0014808828    23121    69363   115606
   44    62 0.0014808828 0.0014808828    23121    69363   115606
   44    97 0.0014808828 0.0014808828    23121    69363   115606
   44     8 0.0014808828 0.0014808828    23121    69363   115606
   57    37 0.0014808828 0.0014808828    23121    69363   115606
   57    62 0.0014808828 0.0014808828    23121    69363   115606
   57    97 0.0014808828 0.0014808828    23121    69363   115606
   57     8 0.0014808828 0.0014808828    23121    69363   115606
   57    42 0.0007576609 0.0007576609    23121    69363   115606
   57    25 0.0007576609 0.0007576609    23121    69363   115606
   57    67 0.0007576609 0.0007576609    23121    69363   115606
   57    50 0.0007576609 0.0007576609    23121    69363   115606
   54    42 0.0022041046 0.0022041046    23121    69363   115606
   54    25 0.0022041046 0.0022041046    23121    69363   115606
   54    67 0.0022041046 0.0022041046    23121    69363   115606
   54    50 0.0022041046 0.0022041046    23121    69363   115606
   85    49 0.0088164183 0.0088164183    23121    69363   115606
   86    44 0.0088164183 0.0088164183    23121    69363   115606
   93    57 0.0088164183 0.0088164183    23121    69363   115606
   90    54 0.0088164183 0.0088164183    23121    69363   115606
   55    49 0.0088164183 0.0088164183    23121    69363   115606
   45    44 0.0088164183 0.0088164183    23121    69363   115606
   51    57 0.0088164183 0.0088164183    23121    69363   115606
   48    54 0.0088164183 0.0088164183    23121    69363   115606
   37    43 0.0088164183 0.0088164183    69363   115605   115606
   62    61 0.0088164183 0.0088164183    69363   115605   115606
   97   103 0.0088164183 0.0088164183    69363   115605   115606
    8    14 0.0088164183 0.0088164183    69363   115605   115606
   42    43 0.0088164183 0.0088164183    69363   115605   115606
   25    61 0.0088164183 0.0088164183    69363   115605   115606
   67   103 0.0088164183 0.0088164183    69363   115605   115606
   50    14 0.0088164183 0.0088164183    69363   115605   115606
